date,close,volume,open,high,low
2025-03-13,297.5,4178882,300.43,303.465,297.27
2025-03-12,299.4,4546240,303.69,306.43,296.35
2025-03-11,306.76,4513135,317.62,317.7,306.31
2025-03-10,317.25,4707592,320.09,326.32,315.74
2025-03-07,321.29,7607616,310.82,323.17,310.35
2025-03-06,310.37,2954920,307.8,311.35,304.38
2025-03-05,307.45,2327472,304.0,308.46,303.37
2025-03-04,305.77,3954691,304.59,312.93,304.59
2025-03-03,304.29,4371634,308.11,309.49,302.43
2025-02-28,308.33,4972872,307.605,308.52,303.88
2025-02-27,309.95,3350723,305.19,311.7799,304.22
2025-02-26,304.27,4140908,311.7,314.55,303.68
2025-02-25,310.72,3891555,309.18,311.71,307.991
2025-02-24,307.57,3397553,305.0,310.44,304.12
2025-02-21,304.81,3036654,303.92,305.96,301.59
2025-02-20,303.05,3020024,300.83,303.13,298.15
2025-02-19,301.94,2990851,303.32,303.79,299.51
2025-02-18,304.83,3368090,307.35,307.35,303.54
2025-02-14,308.55,2674354,310.2,311.0,307.78
2025-02-13,310.02,3097175,307.5,311.53,305.63
2025-02-12,307.6,3110228,309.58,310.09,305.77
2025-02-11,310.21,4180762,307.37,311.59,306.17
2025-02-10,308.42,8051997,302.27,310.28,301.51
2025-02-07,294.3,2858016,294.36,296.85,293.82
2025-02-06,294.36,3589988,291.59,297.15,290.3201
2025-02-05,288.83,2363168,290.0,290.27,286.34
2025-02-04,289.77,2977102,289.76,290.64,288.37
2025-02-03,290.05,3049143,287.02,290.9,284.19
2025-01-31,288.7,2557033,289.83,291.25,287.35
2025-01-30,290.32,2125150,290.91,292.08,289.36
2025-01-29,290.11,2358272,291.38,293.14,290.0
2025-01-28,291.15,3180370,292.4,294.49,290.0
2025-01-27,293.09,4343019,286.605,293.43,285.81
2025-01-24,285.46,2523397,284.505,286.85,283.28
2025-01-23,284.43,2279408,280.75,285.0,280.6501
2025-01-22,281.35,3660600,283.3,283.53,280.405
2025-01-21,282.61,3858590,280.76,282.9,278.73
2025-01-17,280.95,3312793,280.98,284.08,280.0
2025-01-16,279.74,3403681,280.24,280.945,276.53
2025-01-15,282.3,2867781,284.33,284.65,280.61
2025-01-14,281.58,2238889,285.02,285.35,279.38
2025-01-13,283.63,3394291,282.94,284.5,280.35
2025-01-10,282.31,3946002,287.5,287.77,281.78
2025-01-08,286.9,2724217,288.97,289.14,286.55
2025-01-07,289.34,3419450,293.78,294.93,288.28
2025-01-06,292.18,2838933,293.28,295.6,291.74
2025-01-03,294.78,2240254,292.83,294.96,290.7
2025-01-02,292.51,3118262,290.95,295.7625,290.25
2024-12-31,289.89,1915847,290.08,291.24,288.58
2024-12-30,289.6,1936678,291.47,291.47,289.0
2024-12-27,293.62,1617399,293.34,296.4795,292.74
2024-12-26,294.8,1434337,293.0,295.435,292.6
2024-12-24,293.99,1460985,291.28,294.27,290.791
2024-12-23,291.29,2492226,292.255,293.1,289.73
2024-12-20,292.68,7677952,289.52,296.1,289.3001
2024-12-19,290.23,3438533,290.88,292.86,288.847
2024-12-18,290.88,3800945,295.02,298.9761,290.67
2024-12-17,296.08,3295881,297.62,300.0,294.82
2024-12-16,297.71,3180071,297.18,302.12,297.17
2024-12-13,296.6,2547703,296.29,299.2,295.43
2024-12-12,296.63,2040653,296.2,298.55,295.09
2024-12-11,296.1,3037616,301.34,301.9,295.97
2024-12-10,300.71,3522974,300.13,302.82,295.84
2024-12-09,301.37,2391898,297.585,302.6178,297.09
2024-12-06,298.98,4158690,300.56,303.7971,298.605
2024-12-05,299.47,2594816,295.54,299.74,294.9331
2024-12-04,295.09,3742938,292.28,296.04,291.82
2024-12-03,294.5,3030992,292.32,294.85,290.29
2024-12-02,292.44,3150151,293.5,294.23,290.94
2024-11-29,296.01,1655907,294.16,297.05,294.018
2024-11-27,295.08,2240280,297.0,299.5,294.98
2024-11-26,296.33,2254326,297.0,297.28,294.83
2024-11-25,296.19,5021843,291.765,296.61,291.765
2024-11-22,290.28,2879063,288.47,290.6,288.14
2024-11-21,288.47,4475662,285.0,288.6,283.46
2024-11-20,290.91,2525012,290.62,291.3199,288.255
2024-11-19,290.73,2353251,290.0,292.072,287.6
2024-11-18,291.1,2866132,293.01,295.44,290.7886
2024-11-15,292.63,4039432,297.72,299.495,289.72
2024-11-14,298.56,1932557,298.0,300.11,296.5901
2024-11-13,297.35,2327101,298.9,299.13,295.2172
2024-11-12,298.65,2453194,300.14,301.405,297.52
2024-11-11,301.53,2872440,300.49,303.81,300.02
2024-11-08,298.97,3279284,295.6,301.8321,295.25
2024-11-07,294.66,3357377,294.84,296.54,293.81
2024-11-06,294.0,4646422,300.28,300.33,292.72
2024-11-05,297.32,3032122,293.75,297.38,292.56
2024-11-04,292.85,2583053,294.74,294.96,291.801
2024-11-01,295.21,4131804,294.51,296.88,293.28
2024-10-31,292.11,4277428,292.25,294.38,291.17
2024-10-30,291.52,4924013,294.5,295.37,289.84
2024-10-29,295.0,9048877,297.598,302.7,295.0
2024-10-28,296.79,6655971,299.2,299.92,296.5368
2024-10-25,292.61,8863234,301.0,301.6,292.2
2024-10-24,301.58,5522591,299.12,302.3899,298.28
2024-10-23,298.57,18791950,292.77,301.6,290.83
2024-10-22,314.69,5889115,314.09,315.74,313.3
2024-10-21,314.89,2404056,317.13,317.9,314.41
2024-10-18,316.56,2531197,315.57,317.18,314.2299
2024-10-17,314.7,3095192,313.98,315.05,312.48
2024-10-16,312.92,1821486,313.32,313.725,310.11
2024-10-15,313.34,3067090,312.0,315.36,311.01
2024-10-14,309.84,2376310,305.15,310.42,304.5
2024-10-11,305.04,1775710,304.42,305.5,302.97
2024-10-10,304.04,1739458,304.03,305.75,302.93
2024-10-09,303.83,1854155,302.94,305.01,301.965
2024-10-08,301.9,2038348,302.64,303.35,300.36
2024-10-07,300.85,2091776,303.76,305.1199,300.0
2024-10-04,303.76,2432634,303.05,305.89,301.38
2024-10-03,303.45,1802561,303.5,304.02,301.26
2024-10-02,303.76,2352436,300.58,304.08,299.5801
2024-10-01,302.98,3036208,304.51,305.23,302.25
2024-09-30,304.51,2286978,303.75,305.03,302.1
2024-09-27,303.69,3402999,303.52,306.96,303.52
2024-09-26,303.65,1971134,301.15,304.29,300.735
2024-09-25,300.47,1986241,300.33,301.8,298.4
2024-09-24,300.27,2408175,299.06,301.45,297.7
2024-09-23,299.06,2312365,299.0,300.22,296.89
2024-09-20,296.83,5817302,292.94,298.05,292.835
2024-09-19,293.85,2271388,294.25,295.08,290.9
2024-09-18,292.03,1788384,293.88,295.1,290.37
2024-09-17,293.75,2997493,297.0,297.39,292.17
2024-09-16,296.69,2916205,297.42,300.11,295.04
2024-09-13,296.53,2205535,294.49,296.74,292.62
2024-09-12,292.35,2274712,290.17,292.69,288.26
2024-09-11,290.23,2747627,290.83,291.435,285.83
2024-09-10,291.27,2497109,292.81,296.23,291.04
2024-09-09,291.29,3208635,290.03,291.74,287.8
2024-09-06,289.51,3863559,287.82,292.19,287.5692
2024-09-05,287.97,2412493,289.0,289.545,286.24
2024-09-04,288.03,2558502,286.55,288.97,285.99
2024-09-03,285.52,2902782,286.36,288.21,283.71
2024-08-30,288.66,2528549,287.56,288.88,286.29
2024-08-29,287.86,1797229,287.78,289.11,284.78
2024-08-28,287.05,2603793,289.95,290.96,285.26
2024-08-27,289.64,2897582,289.08,290.3,288.06
2024-08-26,288.68,2018540,289.25,292.21,287.87
2024-08-23,289.52,2145946,290.38,290.78,287.13
2024-08-22,289.21,1746359,289.55,290.5,287.55
2024-08-21,289.71,2686435,287.15,289.97,286.265
2024-08-20,285.63,3697631,286.5,290.265,285.21
2024-08-19,287.55,5268793,282.33,288.32,281.72
2024-08-16,278.49,3286217,274.75,279.5,274.7
2024-08-15,274.87,2445218,272.0,275.76,271.85
2024-08-14,271.15,2242138,269.86,271.5075,268.5
2024-08-13,270.31,2603592,270.31,272.0,267.54
2024-08-12,269.46,3008100,267.46,269.53,265.33
2024-08-09,267.91,2664877,271.7,271.7,266.96
2024-08-08,271.19,3227234,268.93,273.65,268.08
2024-08-07,269.37,3539980,269.56,273.14,268.58
2024-08-06,270.06,3369337,269.86,273.2,268.08
2024-08-05,268.45,6794876,274.04,277.87,267.6796
2024-08-02,276.69,9585900,269.4,276.81,268.8
2024-08-01,268.75,4935952,266.82,268.77,262.4
2024-07-31,265.4,4652053,265.42,267.67,263.2
2024-07-30,266.44,4936596,261.0,267.37,260.31
2024-07-29,261.42,9380960,253.55,263.93,250.23
2024-07-26,252.0,4002852,252.9,254.045,250.75
2024-07-25,251.46,3323080,254.19,256.09,251.1
2024-07-24,253.37,5983281,246.32,254.33,246.12
2024-07-23,254.05,2653141,259.68,260.1378,253.5096
2024-07-22,259.54,2759527,258.3,259.79,256.4
2024-07-19,257.28,3470585,260.39,260.44,255.03
2024-07-18,259.52,3421839,258.03,262.33,257.6003
2024-07-17,261.0,3711520,258.97,262.05,257.8587
2024-07-16,257.27,4172974,251.0,257.31,250.1
2024-07-15,251.53,3393612,253.64,255.73,251.19
2024-07-12,253.9,4543006,254.25,256.92,251.81
2024-07-11,254.8,5548256,251.22,255.65,249.87
2024-07-10,250.49,4092739,247.0,250.56,245.9
2024-07-09,245.82,4930592,247.23,247.4,243.53
2024-07-08,247.85,3163853,251.76,252.575,247.06
2024-07-05,251.09,2814312,251.0,251.415,248.81
2024-07-03,250.0,2026070,248.5,250.98,248.18
2024-07-02,247.79,3944881,249.68,251.03,247.41
2024-07-01,249.99,3817576,254.83,255.34,249.72
2024-06-28,254.84,8958712,257.54,259.49,252.86
2024-06-27,258.17,2650996,258.0,258.83,256.97
2024-06-26,257.83,2796088,256.65,258.17,254.68
2024-06-25,257.38,4252250,260.13,260.13,255.59
2024-06-24,260.38,3901231,259.0,261.37,257.8
2024-06-21,259.39,8426647,258.28,261.46,255.61
2024-06-20,253.8,4046527,250.27,255.69,249.511
2024-06-18,250.79,2956314,253.95,254.35,249.35
2024-06-17,253.51,2532906,252.3,254.52,251.88
2024-06-14,253.58,2806560,252.86,253.62,250.614
2024-06-13,253.7,3152985,253.59,254.74,251.18
2024-06-12,254.48,3169566,254.88,256.31,253.41
2024-06-11,254.28,2729439,253.01,254.6889,252.1
2024-06-10,253.81,2867127,256.0,256.0,253.15
2024-06-07,256.21,2290085,260.07,261.395,255.34
2024-06-06,260.72,3354270,260.91,261.785,258.93
2024-06-05,259.99,4136828,261.5,261.735,258.66
2024-06-04,262.72,4592727,259.34,263.09,259.25
2024-06-03,259.75,4342771,257.93,259.95,255.6
2024-05-31,258.89,6125399,254.19,259.25,253.505
2024-05-30,252.07,3599768,250.61,252.96,250.0975
2024-05-29,249.37,4029317,253.36,253.8,249.16
2024-05-28,253.54,4324728,257.39,258.81,252.645
2024-05-24,258.11,3382879,258.74,260.46,257.52
2024-05-23,257.93,5636170,265.13,265.62,257.6
2024-05-22,265.77,1906061,265.87,266.82,264.55
2024-05-21,265.87,2362574,268.51,269.0793,265.44
2024-05-20,267.87,2651117,271.74,272.125,267.28
2024-05-17,272.38,2454570,274.06,274.06,270.92
2024-05-16,273.51,2339864,274.51,275.56,272.92
2024-05-15,273.87,2982621,271.11,274.37,270.231
2024-05-14,270.66,3143235,272.12,272.77,268.7124
2024-05-13,271.32,3840670,275.38,276.74,271.14
2024-05-10,275.0,4983501,268.17,275.38,267.84
2024-05-09,267.95,3139960,268.46,268.48,267.02
2024-05-08,268.49,3259842,267.5,268.93,266.06
2024-05-07,267.5,3160026,270.04,270.67,266.99
2024-05-06,269.3,2481336,271.06,271.875,269.04
2024-05-03,270.32,2642344,274.14,274.62,268.89
2024-05-02,273.28,3083956,274.51,276.31,272.71
2024-05-01,274.43,4843553,271.38,276.43,270.05
2024-04-30,273.04,6894367,264.33,276.8699,262.63
2024-04-29,273.55,3187813,273.83,274.43,272.595
2024-04-26,273.09,3636458,271.23,276.11,270.3701
2024-04-25,275.6,4179755,277.02,279.82,274.72
2024-04-24,276.75,4071571,275.54,277.03,272.89
2024-04-23,276.88,3275678,276.82,277.4,274.24
2024-04-22,275.58,3129435,273.75,276.5,272.32
2024-04-19,271.99,3017097,272.01,272.22,270.48
2024-04-18,270.98,3402674,270.98,271.29,268.845
2024-04-17,269.95,3383099,266.5,270.12,265.52
2024-04-16,265.43,2912853,266.13,266.99,265.15
2024-04-15,266.23,3686881,267.86,268.525,266.05
2024-04-12,267.39,2708630,267.91,268.23,266.58
2024-04-11,268.62,2519172,269.5,269.88,267.15
2024-04-10,268.67,3817458,266.97,268.99,265.11
2024-04-09,269.44,3935142,266.22,269.67,265.5
2024-04-08,267.56,3753206,267.24,268.6892,265.87
2024-04-05,266.69,6816035,269.42,270.62,266.36
2024-04-04,270.09,4095144,276.24,276.24,269.92
2024-04-03,275.54,2747979,276.57,277.96,275.15
2024-04-02,277.74,2907899,280.0,280.48,277.45
2024-04-01,280.22,2408799,281.5,281.55,278.64
2024-03-28,281.95,3454073,282.25,283.3799,281.2525
2024-03-27,282.02,2604991,278.1,282.3,278.1
2024-03-26,278.62,2572061,279.22,279.45,277.17
2024-03-25,278.62,2985467,280.0,280.58,277.64
2024-03-22,282.63,2556320,283.88,284.385,282.12
2024-03-21,283.53,3653332,284.5,285.58,282.64
2024-03-20,284.45,2867302,283.5,284.6,281.37
2024-03-19,282.87,4055380,279.2,284.4,278.585
2024-03-18,278.58,3319435,279.47,280.3,278.07
2024-03-15,279.14,5071675,281.89,284.23,278.38
2024-03-14,281.73,4659308,282.42,282.52,277.829
2024-03-13,282.86,5441262,292.26,293.47,282.6
2024-03-12,294.31,2233076,295.68,296.355,293.54
2024-03-11,294.82,2893336,292.15,295.45,291.87
2024-03-08,292.55,2482336,290.04,293.48,288.83
2024-03-07,291.11,2237730,294.2,294.915,291.03
2024-03-06,292.93,2347965,293.33,295.14,292.15
2024-03-05,292.54,2969609,291.56,293.51,288.92
2024-03-04,290.94,2832011,289.37,291.24,288.5
2024-03-01,290.73,3028869,291.39,292.67,289.53
2024-02-29,292.28,3601848,294.2,294.75,291.71
2024-02-28,295.19,2507286,294.03,296.1,292.72
2024-02-27,293.76,2811237,296.8,296.8,293.32
2024-02-26,297.12,2595344,298.21,298.68,296.4
2024-02-23,297.75,2199138,296.0,298.74,295.07
2024-02-22,295.92,3146598,294.0,296.67,293.245
2024-02-21,293.91,2076811,293.09,295.2,292.25
2024-02-20,292.65,2263994,292.0,295.4999,291.84
2024-02-16,292.02,2837573,290.79,293.7,289.26
2024-02-15,291.86,2401617,287.9,292.1,287.28
2024-02-14,288.17,2139326,287.32,288.32,286.59
2024-02-13,287.11,2756190,288.63,289.9,285.67
2024-02-12,289.44,2392314,289.0,291.19,288.76
2024-02-09,289.47,3323000,292.15,292.51,288.92
2024-02-08,291.93,4605245,286.2,293.15,284.2
2024-02-07,287.33,3954659,285.05,290.53,284.11
2024-02-06,284.65,5928192,282.97,284.68,281.54
2024-02-05,285.97,7581895,287.01,291.44,283.33
2024-02-02,297.05,3971607,296.07,298.17,293.35
2024-02-01,298.08,3380568,291.7,298.13,290.28
2024-01-31,292.72,3476264,295.9,297.44,291.655
2024-01-30,294.65,2524205,292.14,294.92,290.2
2024-01-29,292.31,3899706,291.64,292.76,288.31
2024-01-26,292.26,4210521,295.33,295.98,291.7
2024-01-25,297.21,3219625,300.74,301.31,296.09
2024-01-24,300.44,3209675,300.0,302.035,299.31
2024-01-23,300.05,1873976,297.44,300.21,297.125
2024-01-22,298.41,3250224,300.95,302.39,297.7375
2024-01-19,300.53,4250885,298.0,301.08,296.525
2024-01-18,294.36,2221156,292.09,294.48,291.31
2024-01-17,291.16,2008289,290.14,292.34,290.125
2024-01-16,291.09,2859014,293.47,294.25,289.98
2024-01-12,293.47,1714818,295.46,295.75,292.84
2024-01-11,294.15,2047352,294.45,294.95,290.65
2024-01-10,294.09,2199689,291.0,294.39,290.87
2024-01-09,290.87,2176451,289.63,290.87,287.52
2024-01-08,291.9,3097218,288.51,292.0,287.52
2024-01-05,288.99,3407310,289.21,290.33,287.2
2024-01-04,291.74,4615370,295.32,297.27,290.92
2024-01-03,294.39,3114788,297.0,297.99,294.25
2024-01-02,297.04,4458519,295.05,297.28,295.05
2023-12-29,296.51,2227806,295.83,296.85,295.31
2023-12-28,295.84,1907271,294.47,296.47,294.0
2023-12-27,294.55,1892081,292.5,294.63,292.465
2023-12-26,292.86,1381655,291.22,293.05,290.89
2023-12-22,291.7,1700320,290.7,292.47,290.5
2023-12-21,291.39,2313127,290.57,291.53,289.2883
2023-12-20,288.99,2398593,290.73,291.67,288.72
2023-12-19,290.73,2054430,290.67,291.72,289.59
2023-12-18,290.23,2490110,288.65,290.59,287.56
2023-12-15,287.27,6328510,290.41,291.75,285.72
2023-12-14,290.02,4626777,294.6,295.27,288.01
2023-12-13,295.93,3312275,291.69,295.97,291.5487
2023-12-12,291.42,2252223,289.12,291.7,288.51
2023-12-11,289.15,3353037,285.56,289.31,285.56
2023-12-08,285.53,3623843,287.33,287.895,285.05
2023-12-07,286.79,3131914,287.49,288.15,285.64
2023-12-06,286.86,2765101,286.73,287.37,283.4
2023-12-05,286.54,3005333,286.55,288.76,285.205
2023-12-04,286.13,3522889,284.99,287.4,284.99
2023-12-01,285.96,4967526,283.25,286.86,283.0
2023-11-30,281.84,5030565,280.42,282.28,278.06
2023-11-29,280.38,2433432,282.21,282.47,279.5
2023-11-28,282.09,2199591,281.5,283.54,281.345
2023-11-27,281.84,3703855,282.66,283.9,281.09
2023-11-24,282.54,1217950,282.0,282.59,281.03
2023-11-22,281.93,2285961,281.25,282.41,281.2
2023-11-21,280.47,2941040,279.87,280.67,278.43
2023-11-20,279.03,3499648,275.35,279.795,275.02
2023-11-17,275.75,2604865,276.55,277.12,275.15
2023-11-16,276.12,3593676,271.07,276.16,271.03
2023-11-15,270.39,2576075,272.43,273.1,269.025
2023-11-14,271.49,2647793,270.0,271.66,269.35
2023-11-13,269.2,2591880,267.4,269.72,267.255
2023-11-10,267.79,2665049,267.33,268.125,265.21
2023-11-09,266.91,2501652,268.24,268.34,265.94
2023-11-08,267.49,2223517,268.83,270.06,267.28
2023-11-07,268.67,2360790,268.8,269.79,268.11
2023-11-06,268.91,3090714,268.01,269.105,267.3
2023-11-03,267.87,3126467,267.56,268.61,265.485
2023-11-02,266.85,4109728,263.59,267.42,263.51
2023-11-01,261.97,3542997,263.0,263.385,259.835
2023-10-31,262.17,3990553,263.46,263.69,259.75
2023-10-30,260.15,6305078,260.1,262.06,254.6
2023-10-27,255.76,3209027,256.55,259.38,254.87
2023-10-26,255.83,2702639,258.36,259.54,255.68
2023-10-25,258.03,2759053,258.12,259.43,256.94
2023-10-24,257.27,2467986,254.68,257.76,254.68
2023-10-23,254.75,3409763,256.61,257.235,254.54
2023-10-20,258.11,3779195,258.96,260.34,257.56
2023-10-19,258.38,5646173,256.26,262.56,256.26
2023-10-18,256.03,4559192,252.85,257.09,252.3439
2023-10-17,251.14,2627508,250.09,251.4,249.38
2023-10-16,249.94,2774674,249.22,250.49,248.07
2023-10-13,248.31,2647124,246.82,248.809,246.0
2023-10-12,246.19,3528336,251.69,252.15,245.88
2023-10-11,250.92,2919421,252.59,252.6925,249.3862
2023-10-10,251.52,3129625,251.72,253.43,250.5
2023-10-09,249.92,2782286,247.72,249.99,247.26
2023-10-06,248.22,5130674,250.0,250.8229,245.73
2023-10-05,252.23,3799645,256.0,257.85,251.58
2023-10-04,255.81,2819983,255.33,256.25,254.01
2023-10-03,254.49,3408128,257.21,258.3,253.87
2023-10-02,257.75,4425045,262.0,262.065,257.455
2023-09-29,263.44,3367111,267.15,267.37,261.75
2023-09-28,265.59,2182553,264.23,266.305,263.1311
2023-09-27,263.64,2734864,267.72,267.94,262.285
2023-09-26,267.72,2251605,268.82,269.3,266.58
2023-09-25,269.78,1895538,270.45,271.76,268.91
2023-09-22,272.22,1958486,271.4,273.64,270.83
2023-09-21,271.22,2370338,276.94,277.19,271.02
2023-09-20,277.2,1979858,278.74,280.27,277.14
2023-09-19,278.13,2128275,276.44,278.255,276.44
2023-09-18,277.72,2884929,278.72,280.27,276.93
2023-09-15,278.23,5730667,283.86,283.86,277.73
2023-09-14,284.76,2219694,283.33,285.6,282.57
2023-09-13,281.77,1724297,281.67,282.89,280.61
2023-09-12,280.71,1450296,279.49,281.495,277.685
2023-09-11,279.76,2433249,279.69,280.13,278.56
2023-09-08,279.22,2351438,278.08,280.35,277.85
2023-09-07,278.33,3732754,277.25,278.99,276.0987
2023-09-06,275.44,2705819,278.0,278.6476,275.0
2023-09-05,279.16,2410330,281.0,281.64,279.06
2023-09-01,280.94,2136591,282.54,283.14,279.131
2023-08-31,281.15,2979992,283.21,283.8,280.88
2023-08-30,284.24,2410679,283.8,285.98,283.29
2023-08-29,283.59,2348500,283.95,284.57,280.43
2023-08-28,283.68,2317623,284.58,286.2,283.51
2023-08-25,284.58,3725184,284.76,286.14,283.51
2023-08-24,282.35,2006481,281.74,284.75,281.74
2023-08-23,281.87,2308755,282.02,283.15,280.645
2023-08-22,280.31,2052393,280.76,280.82,279.09
2023-08-21,280.04,2682569,281.7,282.29,278.675
2023-08-18,281.74,2624502,281.72,283.74,280.3
2023-08-17,281.86,2148388,286.15,286.54,281.78
2023-08-16,285.4,1829562,287.57,288.88,285.03
2023-08-15,288.3,1883806,287.95,289.085,287.12
2023-08-14,288.81,1712569,288.79,289.85,287.62
2023-08-11,288.62,1761803,287.25,288.96,286.76
2023-08-10,287.6,2436537,288.81,290.37,286.78
2023-08-09,288.23,1895857,289.0,289.72,287.88
2023-08-08,289.58,1948498,291.05,291.599,288.54
2023-08-07,291.4,2176903,287.88,291.4,287.8645
2023-08-04,287.02,2520494,292.41,292.82,286.7605
2023-08-03,291.02,1910814,288.8,291.27,288.6486
2023-08-02,289.62,2390094,290.26,293.45,289.38
2023-08-01,291.07,1916689,293.0,293.91,290.25
2023-07-31,293.2,3296143,293.61,294.24,290.05
2023-07-28,294.03,2843512,295.8,297.7,292.95
2023-07-27,295.19,4698527,292.0,298.9,291.51
2023-07-26,291.75,2896877,292.25,292.58,289.5
2023-07-25,292.36,2780605,294.2,294.93,291.65
2023-07-24,295.31,2034581,296.0,296.9476,294.855
2023-07-21,295.61,2835490,297.66,299.35,295.32
2023-07-20,297.13,2104322,294.31,297.56,294.11
2023-07-19,294.13,1969215,295.0,295.4,293.22
2023-07-18,293.82,1991753,294.47,295.75,292.464
2023-07-17,294.68,1670416,295.08,296.86,294.55
2023-07-14,294.94,1550122,295.25,296.05,294.0134
2023-07-13,295.22,1657134,295.39,296.66,295.01
2023-07-12,295.61,2156022,296.83,297.1,295.2
2023-07-11,294.74,1529673,295.29,295.5,291.77
2023-07-10,294.49,1703743,292.4,295.62,292.33
2023-07-07,292.1,2586623,293.72,294.355,291.55
2023-07-06,294.92,2569643,295.32,296.58,293.44
2023-07-05,296.9,2356221,295.11,297.31,294.59
2023-07-03,294.84,1601266,297.79,298.4,294.8
2023-06-30,298.41,2644801,295.14,299.1,294.89
2023-06-29,294.47,1743969,291.55,294.66,290.21
2023-06-28,291.74,1666616,291.45,291.82,289.05
2023-06-27,291.3,1815134,290.31,292.49,289.65
2023-06-26,289.09,1851773,289.64,289.75,287.07
2023-06-23,289.91,3720646,291.35,292.45,289.64
2023-06-22,293.3,1800804,294.62,295.08,291.525
2023-06-21,294.52,2837179,293.32,295.1575,292.81
2023-06-20,293.04,2729976,293.65,297.18,292.68
2023-06-16,293.7,4891171,294.51,296.565,293.14
2023-06-15,292.61,2619166,289.65,293.48,288.26
2023-06-14,288.44,1964468,288.1,289.56,287.31
2023-06-13,288.55,2027785,288.5,289.6855,287.545
2023-06-12,288.57,1885237,288.16,288.75,286.5
2023-06-09,286.79,1976684,285.52,287.2757,284.74
2023-06-08,285.78,3043997,280.97,286.06,280.0
2023-06-07,281.9,3614835,284.45,284.7399,281.31
2023-06-06,284.54,2771493,289.86,290.23,281.98
2023-06-05,288.43,1974537,290.0,290.5,288.03
2023-06-02,289.91,2869403,286.7,290.2,286.14
2023-06-01,287.87,2605265,284.92,288.0399,283.6
2023-05-31,285.11,3104929,284.88,285.695,283.35
2023-05-30,284.92,3385240,283.93,286.345,283.675
2023-05-26,286.04,2148422,285.68,288.75,285.68
2023-05-25,285.52,2748258,286.79,286.9065,284.71
2023-05-24,285.92,2262065,286.45,287.115,284.58
2023-05-23,286.37,2943889,288.15,288.5,285.44
2023-05-22,289.35,2514744,295.55,296.64,289.14
2023-05-19,295.55,2371249,293.84,296.0,292.4732
2023-05-18,294.05,2410912,293.25,294.43,291.13
2023-05-17,293.46,2802296,295.52,295.52,292.65
2023-05-16,294.15,2859744,295.94,296.19,293.98
2023-05-15,295.9,1700450,295.77,296.64,294.66
2023-05-12,296.14,1801866,295.19,296.43,294.31
2023-05-11,294.79,1955152,296.5,296.94,293.36
2023-05-10,296.57,1849297,296.38,298.0,293.8401
2023-05-09,296.66,1637587,298.63,298.86,296.3
2023-05-08,296.69,2969801,297.1,297.37,295.57
2023-05-05,296.6,1815841,295.77,297.02,294.4625
2023-05-04,295.16,2005472,296.06,296.31,293.47
2023-05-03,295.22,2425452,296.76,297.2562,294.65
2023-05-02,298.07,2083769,297.37,298.46,295.58
2023-05-01,297.58,2124401,295.72,298.8,295.65
2023-04-28,295.75,2838198,294.83,296.18,293.91
2023-04-27,294.72,3142286,290.72,295.0499,290.0
2023-04-26,289.76,3289959,289.98,291.5,289.76
2023-04-25,291.51,5845217,295.0,295.0,289.43
2023-04-24,293.2,2995244,292.83,293.43,291.7101
2023-04-21,292.06,2171180,292.32,292.53,290.51
2023-04-20,291.0,2274152,290.96,291.67,289.88
2023-04-19,291.27,2254075,290.91,291.6,290.19
2023-04-18,290.91,2086719,289.4,291.19,289.0
2023-04-17,289.31,2370988,289.84,290.51,288.18
2023-04-14,288.98,2054679,289.29,289.94,287.62
2023-04-13,289.07,3229280,286.57,289.5399,286.11
2023-04-12,285.3,2557446,283.85,286.79,283.5
2023-04-11,284.48,2732890,283.17,285.535,282.75
2023-04-10,283.78,1942019,283.18,284.1686,281.99
2023-04-06,282.89,1730953,282.43,283.4881,281.57
2023-04-05,282.02,2600775,283.49,284.98,281.78
2023-04-04,282.28,2282434,281.41,283.42,280.39
2023-04-03,282.14,2352716,280.99,282.87,279.68
2023-03-31,279.61,2902491,278.92,280.635,278.5
2023-03-30,277.79,1788868,277.26,278.4,276.5
2023-03-29,277.44,2053558,277.0,278.15,276.45
2023-03-28,275.85,2035971,273.99,276.22,273.51
2023-03-27,273.84,2799118,272.0,274.95,270.57
2023-03-24,271.33,2229368,270.37,271.83,268.84
2023-03-23,269.62,2263814,267.99,271.475,267.99
2023-03-22,267.87,2240797,270.04,271.98,267.71
2023-03-21,270.21,3120195,270.0,270.8675,267.62
2023-03-20,270.74,2109113,267.84,271.38,267.84
2023-03-17,267.2,5075300,269.57,269.97,265.71
2023-03-16,270.57,3098073,265.78,270.68,265.505
2023-03-15,266.34,3419419,264.58,266.41,262.565
2023-03-14,265.9,3194391,263.12,266.94,262.6
2023-03-13,263.08,3552410,260.37,267.4,260.37
2023-03-10,262.03,3093072,263.73,266.5799,261.26
2023-03-09,261.63,2339345,267.09,267.61,260.865
2023-03-08,265.33,2313951,265.86,266.16,263.14
2023-03-07,267.13,2766688,271.52,273.15,266.82
2023-03-06,270.64,2217669,269.15,270.78,268.9
2023-03-03,269.07,2725884,268.42,269.38,266.2
2023-03-02,267.57,2386008,262.45,268.46,262.31
2023-03-01,262.72,2058920,262.54,263.53,261.68
2023-02-28,263.91,2853396,263.14,264.58,262.81
2023-02-27,264.78,2024791,265.03,266.3,263.535
2023-02-24,263.68,2645314,265.91,266.28,262.25
2023-02-23,266.78,4216978,267.7,267.87,263.96
2023-02-22,268.64,2192035,268.2,270.48,267.66
2023-02-21,268.55,2824326,269.29,270.24,267.61
2023-02-17,269.99,3055817,266.3,270.0,265.33
2023-02-16,265.83,2785588,265.07,267.71,263.28
2023-02-15,266.56,1862678,266.27,267.6771,265.15
2023-02-14,266.61,2202289,266.65,267.52,264.5921
2023-02-13,266.2,2418349,263.7,266.79,263.0
2023-02-10,262.42,3049897,260.87,262.69,260.29
2023-02-09,260.66,3534565,263.69,263.945,260.19
2023-02-08,262.82,2801986,265.09,265.89,262.45
2023-02-07,267.34,2513954,265.02,267.77,263.63
2023-02-06,267.92,2863920,264.99,268.2,264.36
2023-02-03,264.23,3008496,262.63,265.22,261.35
2023-02-02,263.21,3735643,264.89,265.98,262.02
2023-02-01,266.27,3557746,267.02,268.455,263.5
2023-01-31,267.4,5477850,265.09,267.51,263.25
2023-01-30,270.89,2862378,271.67,272.57,270.06
2023-01-27,272.46,2203174,275.0,275.305,271.97
2023-01-26,274.72,2222673,273.0,274.75,271.7
2023-01-25,273.0,3097376,270.33,273.07,268.82
2023-01-24,269.56,2517081,236.77,270.16,236.77
2023-01-23,269.29,2434026,268.84,271.17,267.76
2023-01-20,268.58,2588648,264.43,268.65,262.83
2023-01-19,263.58,2845599,266.72,269.14,263.53
2023-01-18,266.04,3276469,273.51,274.37,265.72
2023-01-17,274.11,3640221,270.02,275.3873,270.02
2023-01-13,268.89,2169133,266.39,268.95,265.88
2023-01-12,266.69,1933090,269.5,269.92,266.19
2023-01-11,268.81,2391463,269.52,269.735,266.96
2023-01-10,268.91,1718418,266.98,269.095,266.96
2023-01-09,267.25,2654561,269.93,269.95,266.77
2023-01-06,269.47,2855559,263.76,269.885,263.392
2023-01-05,262.16,1945566,264.76,264.76,261.375
2023-01-04,264.39,2584148,266.25,266.55,262.89
2023-01-03,264.33,2743957,263.53,264.35,259.51
2022-12-30,263.53,1720151,265.2,265.38,261.4
2022-12-29,265.93,1393998,265.94,267.81,264.88
2022-12-28,265.11,1427815,268.0,268.14,265.07
2022-12-27,266.84,1674718,268.66,268.87,266.6
2022-12-23,267.57,1269060,265.9,268.345,264.79
2022-12-22,265.77,2366827,267.27,268.12,263.65
2022-12-21,268.16,2366831,267.48,269.94,267.31
2022-12-20,267.25,1785563,266.92,267.94,264.54
2022-12-19,265.83,2160779,266.25,268.42,264.67
2022-12-16,266.12,5932459,270.41,271.02,265.76
2022-12-15,271.73,2735847,273.79,274.3799,269.21
2022-12-14,274.53,2660859,275.22,277.08,272.3
2022-12-13,274.28,3390149,278.68,279.9,273.64
2022-12-12,276.62,3230450,272.19,276.71,271.22
2022-12-09,272.04,1677358,273.61,274.16,271.72
2022-12-08,273.39,3022742,271.0,273.57,270.62
2022-12-07,270.34,2766448,272.5,273.98,269.67
2022-12-06,271.77,3573035,271.8,273.37,270.03
2022-12-05,271.59,2586940,271.02,272.57,270.0034
2022-12-02,273.4,2807524,269.81,273.445,269.62
2022-12-01,273.4,2599642,273.16,274.24,271.39
2022-11-30,272.79,5196674,269.62,273.31,268.83
2022-11-29,271.41,2873619,271.0,271.92,269.47
2022-11-28,272.88,3160615,274.88,275.94,272.375
2022-11-25,275.0,1596579,274.51,275.315,272.86
2022-11-23,273.27,2514942,275.55,275.65,272.88
2022-11-22,274.76,2770631,275.0,275.3,274.3
2022-11-21,274.52,2974548,274.65,274.98,273.1
2022-11-18,273.37,2699237,273.92,275.1,272.12
2022-11-17,273.36,2467904,272.07,274.35,270.56
2022-11-16,272.51,4132650,268.92,274.43,268.92
2022-11-15,267.84,5429117,270.25,271.03,266.34
2022-11-14,272.27,3357448,270.93,274.71,270.58
2022-11-11,271.39,4742826,276.33,277.0,269.18
2022-11-10,275.88,4510912,281.49,281.67,272.58
2022-11-09,277.79,2610819,278.51,280.25,277.68
2022-11-08,278.4,2629039,276.86,279.52,276.5
2022-11-07,276.41,3029606,275.07,278.0761,275.07
2022-11-04,274.62,3256637,275.6,275.71,272.13
2022-11-03,272.95,3225427,269.33,274.68,268.38
2022-11-02,270.37,3070720,273.0,276.67,270.31
2022-11-01,272.95,2740902,273.69,273.79,269.66
2022-10-31,272.66,3336099,273.06,273.63,270.81
2022-10-28,274.52,4647609,267.51,274.81,265.99
2022-10-27,265.11,4145682,263.0,266.99,262.26
2022-10-26,256.61,3584203,257.84,260.69,256.12
2022-10-25,255.73,2688965,254.57,257.28,254.4
2022-10-24,255.32,4125185,255.28,256.8699,253.07
2022-10-21,254.55,3254868,250.21,255.36,249.5
2022-10-20,249.77,2410780,249.55,251.75,249.05
2022-10-19,250.75,3021325,250.0,252.52,249.115
2022-10-18,249.19,3123554,249.37,250.42,247.25
2022-10-17,246.48,2758210,245.8,247.22,243.53
2022-10-14,243.16,2918634,249.08,249.43,242.41
2022-10-13,246.75,5027008,234.46,249.3,234.46
2022-10-12,237.06,2709329,237.27,240.035,237.06
2022-10-11,237.05,3169249,234.16,239.12,233.93
2022-10-10,234.95,2668736,233.41,236.2625,233.41
2022-10-07,233.19,2294343,233.96,234.6,232.08
2022-10-06,234.75,2999161,239.34,239.88,234.455
2022-10-05,239.09,3032973,236.91,240.41,236.14
2022-10-04,238.5,3685899,236.71,241.045,236.21
2022-10-03,235.34,3286854,233.52,236.85,231.705
2022-09-30,230.74,3629346,233.32,234.83,230.58
2022-09-29,234.4,3053196,236.32,237.66,232.46
2022-09-28,236.94,4202520,236.13,238.53,233.76
2022-09-27,236.7,4193797,244.58,244.93,236.56
2022-09-26,243.76,3179136,245.94,246.245,242.44
2022-09-23,245.95,2672105,247.21,249.095,244.19
2022-09-22,247.94,2300536,250.39,250.43,247.65
2022-09-21,251.08,2438811,255.13,256.91,251.08
2022-09-20,255.4,2140264,256.1,256.49,252.78
2022-09-19,257.01,2196034,254.0,257.55,253.35
2022-09-16,254.91,4304082,251.85,255.82,251.75
2022-09-15,253.47,2289465,255.02,255.23,252.49
2022-09-14,255.72,2745402,255.0,258.265,254.37
2022-09-13,254.33,2604856,257.74,258.95,253.67
2022-09-12,260.37,2204324,260.0,261.4,259.42
2022-09-09,259.52,2007248,260.26,260.74,258.21
2022-09-08,260.08,2448912,257.85,261.085,257.33
2022-09-07,258.42,4185152,255.14,259.82,254.96
2022-09-06,254.39,2645735,254.47,256.73,253.38
2022-09-02,254.51,1791551,257.41,258.58,253.36
2022-09-01,256.47,2577843,251.82,256.53,251.76
2022-08-31,252.28,3119229,254.17,255.68,252.2
2022-08-30,253.49,2051259,256.0,256.72,252.57
2022-08-29,255.66,2017475,255.5,256.71,254.59
2022-08-26,256.95,2357840,262.8,263.2,256.39
2022-08-25,262.56,1330619,261.99,262.68,260.2
2022-08-24,260.86,1777334,260.71,262.0,259.86
2022-08-23,260.54,2211064,262.62,263.35,260.53
2022-08-22,262.95,1986909,264.5,265.79,262.37
2022-08-19,266.54,1833797,265.94,267.75,265.54
2022-08-18,266.58,1591923,266.0,267.36,265.42
2022-08-17,266.82,1699066,265.96,267.97,265.58
2022-08-16,266.29,1828116,265.04,267.13,264.26
2022-08-15,265.44,2342816,262.21,265.62,261.25
2022-08-12,262.18,1530824,259.55,262.51,259.55
2022-08-11,259.28,2007282,263.2,263.27,258.63
2022-08-10,261.36,2967962,262.0,263.71,260.5
2022-08-09,260.06,2315836,256.9,260.205,256.36
2022-08-08,256.8,2253706,260.0,260.91,255.34
2022-08-05,259.23,1818555,259.64,260.0299,257.07
2022-08-04,260.64,2089596,261.7,262.18,258.69
2022-08-03,262.09,2305469,261.05,262.92,259.755
2022-08-02,261.05,2375235,264.62,265.45,260.89
2022-08-01,264.23,2383975,262.54,265.46,262.41
2022-07-29,263.37,2653895,263.65,264.3505,262.095
2022-07-28,263.46,2849053,258.8,264.0,257.56
2022-07-27,258.89,2718471,255.8,259.91,254.69
2022-07-26,257.09,5272297,249.56,259.22,248.7
2022-07-25,250.38,2860421,254.57,254.8,248.655
2022-07-22,253.99,2226576,253.75,254.53,252.45
2022-07-21,253.47,2056470,253.99,254.8,252.32
2022-07-20,254.58,2183656,256.78,256.91,253.47
2022-07-19,256.5,2181323,253.88,256.62,252.97
2022-07-18,252.42,2164571,255.24,255.59,252.07
2022-07-15,255.01,2627237,254.02,256.39,253.45
2022-07-14,252.6,2371030,249.89,253.1,249.62
2022-07-13,252.67,2205342,248.96,254.8,248.26
2022-07-12,251.48,2112805,252.97,255.62,250.76
2022-07-11,253.28,1478345,252.08,255.4025,252.08
2022-07-08,253.24,1450519,252.6,254.62,252.32
2022-07-07,252.94,2396689,253.26,254.92,251.18
2022-07-06,251.46,1948691,252.47,252.86,249.37
2022-07-05,252.29,2392617,251.15,253.0,249.66
2022-07-01,252.96,2531474,246.35,253.14,246.0
2022-06-30,246.88,2786218,248.25,248.59,245.4506
2022-06-29,247.74,2997210,246.14,248.87,245.105
2022-06-28,242.83,2381745,247.06,249.96,242.52
2022-06-27,247.03,2059304,247.9,248.77,246.565
2022-06-24,247.9,3104842,245.26,248.0,244.49
2022-06-23,243.58,1937201,243.7,245.085,240.455
2022-06-22,243.06,3054788,238.79,244.55,238.36
2022-06-21,239.59,3263514,236.22,240.1,234.14
2022-06-17,234.38,7236261,234.22,235.49,232.17
2022-06-16,235.19,3271976,236.08,237.3223,233.82
2022-06-15,238.9,3152171,239.86,241.58,236.12
2022-06-14,238.76,3564777,239.96,242.9,238.62
2022-06-13,238.47,4697049,232.79,240.1,232.68
2022-06-10,237.38,1994336,239.18,239.51,237.16
2022-06-09,242.16,2682889,243.62,246.0,242.03
2022-06-08,245.61,2101295,247.9,248.48,244.89
2022-06-07,248.94,2782196,246.0,249.79,245.53
2022-06-06,248.07,1569322,249.08,249.525,247.33
2022-06-03,248.36,1838859,248.43,250.27,248.17
2022-06-02,250.38,2089654,249.6,250.44,246.22
2022-06-01,249.28,2264141,253.19,253.4158,248.19
2022-05-31,252.21,3924700,250.0,254.28,248.6289
2022-05-27,251.87,2063755,249.5,251.87,248.78
2022-05-26,248.09,1972341,246.0,249.3269,245.595
2022-05-25,244.01,2641667,242.58,245.7,241.59
2022-05-24,244.52,5258233,237.5,245.8,237.45
2022-05-23,238.0,3053463,235.76,238.89,233.5
2022-05-20,233.91,3208225,231.38,234.06,228.585
2022-05-19,229.0,3518259,229.5,232.15,228.34
2022-05-18,231.05,3946143,239.46,240.08,230.37
2022-05-17,241.63,3205114,246.0,247.0,239.46
2022-05-16,244.04,2147127,244.46,245.475,240.73
2022-05-13,245.04,3255435,247.15,247.18,242.28
2022-05-12,244.19,2860983,245.32,246.38,241.12
2022-05-11,244.43,2833269,245.27,246.79,243.2132
2022-05-10,245.68,3070804,248.99,250.88,244.93
2022-05-09,247.49,2918862,247.0,249.9,246.79
2022-05-06,250.78,2964684,248.19,252.45,247.7
2022-05-05,248.92,2925873,252.89,254.49,246.78
2022-05-04,254.32,3289277,246.16,254.78,246.16
2022-05-03,245.87,2562085,247.39,247.84,242.28
2022-05-02,246.64,3418657,250.86,251.5495,242.2572
2022-04-29,249.16,3388214,254.28,254.85,248.8
2022-04-28,254.19,3549490,249.94,256.38,248.08
2022-04-27,247.14,2706541,247.98,250.965,247.05
2022-04-26,248.58,2948548,250.13,252.41,248.33
2022-04-25,252.88,2522972,249.45,253.13,247.93
2022-04-22,250.17,2643584,255.0,255.0,249.94
2022-04-21,255.25,2477103,257.65,259.605,254.88
2022-04-20,255.85,2278773,256.0,257.79,254.82
2022-04-19,255.4,2324504,250.04,255.955,250.04
2022-04-18,251.06,1426617,249.63,252.49,249.13
2022-04-14,250.51,2105884,251.33,253.73,250.43
2022-04-13,251.33,2133851,249.36,251.66,249.02
2022-04-12,249.17,2725083,250.73,252.29,248.8
2022-04-11,250.45,2326660,251.25,252.938,249.93
2022-04-08,251.46,2551093,253.04,255.07,250.92
2022-04-07,254.36,4041798,250.79,255.475,249.54
2022-04-06,251.46,2885998,247.64,252.38,245.98
2022-04-05,248.51,2532511,246.1,249.739,245.43
2022-04-04,246.83,2501545,246.79,247.265,242.38
2022-04-01,249.25,2023154,248.12,249.43,246.18
2022-03-31,247.28,3803454,249.72,251.35,247.28
2022-03-30,249.03,2227261,247.51,250.5,247.51
2022-03-29,248.17,2657596,246.35,248.65,244.77
2022-03-28,242.94,2041783,241.91,242.95,239.86
2022-03-25,241.58,2135024,240.54,241.85,239.43
2022-03-24,240.26,2337661,237.56,241.04,236.47
2022-03-23,236.12,2200593,237.13,238.01,235.95
2022-03-22,238.12,2938142,237.04,238.44,236.47
2022-03-21,235.32,3704020,239.58,240.09,234.07
2022-03-18,238.92,5336491,237.23,239.19,235.99
2022-03-17,237.47,3752945,236.44,237.47,234.54
2022-03-16,238.14,4173223,234.87,238.21,234.36
2022-03-15,232.57,5087427,227.98,234.565,227.98
2022-03-14,226.18,4436285,226.78,228.44,223.16
2022-03-11,226.87,6126339,224.74,229.11,224.195
2022-03-10,222.0,5444938,220.2,222.05,217.675
2022-03-09,222.47,5630456,226.79,227.25,222.01
2022-03-08,222.79,5258764,224.33,229.7369,222.2
2022-03-07,224.33,5425045,234.31,234.31,224.19
2022-03-04,235.81,4186494,234.62,236.394,231.641
2022-03-03,236.65,4707353,241.01,242.3368,235.68
2022-03-02,240.94,4482140,240.85,242.74,239.61
2022-03-01,239.63,3910650,242.3,243.5975,238.3
2022-02-28,244.77,4410429,244.44,245.7199,242.36
2022-02-25,249.45,4549747,246.0,249.53,243.6288
2022-02-24,245.03,4856005,242.93,245.58,239.61
2022-02-23,247.79,3497365,253.53,253.85,247.08
2022-02-22,252.7,3980514,250.01,254.7,249.6
2022-02-18,250.6,2813521,250.34,252.2891,250.01
2022-02-17,250.93,2831886,251.48,252.88,250.0
2022-02-16,253.09,2941810,253.77,254.6,251.2
2022-02-15,253.81,2171763,254.82,256.92,253.56
2022-02-14,253.39,2825835,255.91,256.25,251.675
2022-02-11,255.16,3592716,256.87,258.76,254.73
2022-02-10,256.87,3246762,258.595,260.44,255.965
2022-02-09,259.86,2379345,261.99,262.88,259.41
2022-02-08,260.08,2920071,260.5,262.38,259.1
2022-02-07,259.85,1959336,261.0,261.58,259.17
2022-02-04,260.06,1989682,259.87,261.73,257.79
2022-02-03,260.64,2242396,262.0,262.8,260.07
2022-02-02,262.28,2371460,258.83,262.61,258.49
2022-02-01,258.99,2496547,259.75,259.9,255.58
2022-01-31,259.45,3174167,255.02,259.5,254.44
2022-01-28,256.09,3833241,250.0,256.3453,247.16
2022-01-27,248.74,5201054,249.6,252.464,245.25
2022-01-26,249.85,3838994,253.0,254.21,247.86
2022-01-25,250.68,3908580,250.83,252.53,247.0701
2022-01-24,253.61,5155195,252.38,253.9176,247.775
2022-01-21,254.59,3738309,254.04,258.46,253.685
2022-01-20,253.13,2602190,256.62,258.11,252.9
2022-01-19,255.22,2304696,257.55,257.95,255.08
2022-01-18,256.48,3076591,256.96,257.1,254.31
2022-01-14,257.71,3460060,261.14,261.24,257.16
2022-01-13,261.41,2371250,261.41,263.85,260.5883
2022-01-12,260.92,3043954,263.37,263.95,260.28
2022-01-11,262.12,3206162,263.49,263.95,260.32
2022-01-10,264.41,3122526,266.715,266.72,262.01
2022-01-07,267.06,2209088,268.56,270.17,267.0
2022-01-06,269.69,2908568,268.12,270.76,267.8
2022-01-05,267.19,2473043,269.3,270.28,266.9
2022-01-04,268.51,2506018,269.5,271.15,268.27
2022-01-03,268.58,2750906,269.49,270.73,265.56
2021-12-31,268.07,1519162,268.0,269.12,267.21
2021-12-30,267.21,1714555,269.0,269.255,266.7
2021-12-29,268.49,1318828,268.45,269.7198,267.95
2021-12-28,267.88,1303973,267.58,269.22,267.25
2021-12-27,268.24,1486007,266.47,268.26,266.0
2021-12-23,265.95,1509875,265.92,267.37,265.45
2021-12-22,264.94,1795157,264.32,265.44,264.07
2021-12-21,264.39,2851827,264.29,266.48,263.42
2021-12-20,261.73,2824534,259.63,261.96,258.43
2021-12-17,261.7,5967187,264.0,264.85,260.88
2021-12-16,265.55,2347749,265.56,266.89,264.09
2021-12-15,264.52,2641814,262.16,265.67,261.41
2021-12-14,262.52,3695552,263.0,263.59,261.75
2021-12-13,263.09,2878831,264.22,265.86,262.4
2021-12-10,264.97,2529819,263.88,265.27,262.43
2021-12-09,262.34,2955143,259.5,263.1,258.36
2021-12-08,259.58,3453106,260.0,262.81,259.09
2021-12-07,259.91,2596340,256.95,260.38,256.445
2021-12-06,255.79,3616912,252.4,256.93,252.37
2021-12-03,249.33,3229856,250.32,250.68,247.57
2021-12-02,248.8,3290454,245.66,250.34,245.0
2021-12-01,244.18,3275507,245.76,250.9,244.11
2021-11-30,244.6,3836063,247.38,247.9,243.95
2021-11-29,250.3,2084612,251.85,252.32,249.83
2021-11-26,250.01,2573259,252.51,253.16,248.27
2021-11-24,257.11,2642849,254.5,257.79,254.05
2021-11-23,255.65,2770596,254.81,255.79,253.05
2021-11-22,253.48,2438758,252.67,255.45,252.21
2021-11-19,251.95,2743402,253.29,253.32,250.225
2021-11-18,253.48,1751189,253.16,253.49,251.08
2021-11-17,252.69,1412025,252.41,253.335,250.52
2021-11-16,252.46,2195461,253.5,254.19,252.38
2021-11-15,252.94,1709216,250.67,253.76,250.67
2021-11-12,250.67,1625338,250.15,251.01,248.89
2021-11-11,250.16,1640596,253.33,253.33,249.26
2021-11-10,253.13,1794531,250.81,253.72,250.81
2021-11-09,252.65,2258953,252.91,253.69,250.45
2021-11-08,253.1,2471271,254.78,255.65,251.93
2021-11-05,254.71,3224285,254.69,257.53,254.62
2021-11-04,253.46,2711311,251.12,254.18,250.2
2021-11-03,250.4,2399239,247.99,251.125,247.91
2021-11-02,249.24,2624333,251.76,252.22,248.1646
2021-11-01,250.58,4456549,245.8,251.69,245.34
2021-10-29,245.55,4329465,243.0,246.09,242.47
2021-10-28,245.5,3448483,243.4,246.08,242.53
2021-10-27,242.73,5249422,241.05,244.62,238.85
2021-10-26,236.42,3066386,237.47,238.4,236.14
2021-10-25,237.34,3178536,239.23,239.25,236.5
2021-10-22,238.44,3283657,240.71,242.24,238.0
2021-10-21,241.4,2702367,240.17,241.9096,239.31
2021-10-20,239.72,3040188,240.4,242.645,239.285
2021-10-19,242.77,2071598,243.22,243.93,241.53
2021-10-18,242.26,2484874,242.42,243.45,241.13
2021-10-15,242.25,2564768,245.24,246.38,241.99
2021-10-14,244.55,2512501,242.88,245.42,242.04
2021-10-13,242.65,3214784,243.27,243.872,239.9
2021-10-12,244.52,2346972,247.73,248.6,244.175
2021-10-11,246.58,1503978,248.1,249.14,246.45
2021-10-08,247.7,1687649,249.25,249.63,247.11
2021-10-07,248.32,2423878,248.0,249.95,247.68
2021-10-06,247.1,2107922,244.56,247.16,243.02
2021-10-05,245.22,2463265,243.97,246.88,243.01
2021-10-04,243.08,2236513,242.06,244.81,241.86
2021-10-01,242.93,2076087,243.07,244.69,240.25
2021-09-30,241.11,3137256,244.77,245.4208,240.82
2021-09-29,244.28,1719144,244.38,245.71,243.15
2021-09-28,243.77,3007728,247.29,247.71,242.91
2021-09-27,248.11,2463273,246.0,248.9,245.275
2021-09-24,246.42,2508923,246.64,247.38,245.24
2021-09-23,244.78,2941662,243.74,245.95,243.53
2021-09-22,243.13,3361958,241.8,245.86,241.465
2021-09-21,240.5,2008293,240.0,242.35,239.4
2021-09-20,239.09,4549932,239.88,241.96,236.64
2021-09-17,242.49,4756852,243.84,244.63,241.88
2021-09-16,243.21,3410681,240.29,243.59,239.95
2021-09-15,240.98,2507196,240.47,241.27,238.18
2021-09-14,241.13,2013793,241.73,242.25,239.5
2021-09-13,241.21,2294796,240.83,241.8,239.84
2021-09-10,239.18,2035199,240.32,241.32,239.04
2021-09-09,238.61,2992467,238.42,241.43,237.77
2021-09-08,238.62,2718376,236.8,239.46,236.0
2021-09-07,236.19,1820118,238.61,238.61,235.95
2021-09-03,238.82,1339289,238.39,239.65,237.51
2021-09-02,239.87,2140253,239.2,239.95,238.38
2021-09-01,238.15,2197240,237.88,239.04,237.21
2021-08-31,237.46,2938351,235.75,237.73,234.67
2021-08-30,236.59,2245565,237.34,237.76,235.855
2021-08-27,237.48,1784024,237.43,238.369,236.3735
2021-08-26,236.95,2008052,238.79,238.915,235.92
2021-08-25,238.83,1668152,237.93,239.6,237.84
2021-08-24,238.43,1687672,240.39,240.39,238.32
2021-08-23,239.66,2086876,239.46,240.07,237.9875
2021-08-20,238.49,1989849,236.96,239.39,236.32
2021-08-19,237.23,1455420,236.68,238.12,236.065
2021-08-18,238.08,2215750,239.44,239.76,237.78
2021-08-17,240.28,1651984,240.35,240.84,238.21
2021-08-16,240.97,2175409,239.0,241.05,238.56
2021-08-13,238.82,1699655,236.79,239.0,236.27
2021-08-12,236.67,1491013,236.0,236.76,235.05
2021-08-11,235.55,1969137,234.19,235.939,233.75
2021-08-10,233.45,2027812,235.1,235.1,233.235
2021-08-09,234.68,2093074,235.79,236.07,234.03
2021-08-06,236.26,1558759,236.68,237.14,235.67
2021-08-05,236.42,2230520,235.74,236.8099,234.34
2021-08-04,234.83,2240575,236.45,236.6,233.05
2021-08-03,236.95,3300009,239.56,239.95,235.25
2021-08-02,240.1,2693869,244.24,244.676,239.69
2021-07-30,242.71,2336831,243.85,245.41,242.21
2021-07-29,244.02,2572291,243.32,245.2,242.9787
2021-07-28,241.78,4948543,242.5,243.8,239.35
2021-07-27,246.35,3135186,244.17,247.05,244.06
2021-07-26,243.98,2638431,242.0,244.57,241.5953
2021-07-23,242.96,3996402,240.13,245.05,239.6
2021-07-22,238.67,2538299,235.65,239.685,235.16
2021-07-21,235.93,2147029,235.98,238.11,235.22
2021-07-20,234.27,3275605,230.65,235.52,230.2149
2021-07-19,229.26,3774949,232.51,233.315,226.42
2021-07-16,234.75,1681193,237.79,237.88,234.38
2021-07-15,236.88,2165952,236.59,237.39,234.92
2021-07-14,237.13,1993375,237.03,239.05,236.6401
2021-07-13,236.17,1884568,235.66,237.47,235.195
2021-07-12,235.61,2158655,234.59,236.24,234.5
2021-07-09,235.68,2560714,234.07,236.23,233.06
2021-07-08,232.84,1932661,232.95,233.83,231.94
2021-07-07,234.63,2069409,231.92,234.99,231.72
2021-07-06,232.75,1762707,233.66,233.9,231.0
2021-07-02,233.63,1851575,233.08,234.11,232.44
2021-07-01,232.27,2210460,231.41,232.3999,230.75
2021-06-30,230.99,2450791,230.92,232.25,230.6
2021-06-29,230.37,1932185,231.53,231.71,230.05
2021-06-28,231.09,2902037,232.67,232.75,230.01
2021-06-25,232.42,3000115,232.74,233.41,232.34
2021-06-24,233.33,1840079,234.1,235.1571,232.735
2021-06-23,233.24,1701512,233.3,234.45,232.7
2021-06-22,233.88,1758423,233.49,234.86,232.43
2021-06-21,232.9,2193090,230.63,233.225,229.47
2021-06-18,229.62,4408221,231.47,232.89,228.82
2021-06-17,233.88,1895716,235.08,236.27,233.28
2021-06-16,235.58,2951814,237.21,237.28,233.78
2021-06-15,236.35,1948582,237.525,237.8099,235.66
2021-06-14,236.98,1836842,237.18,237.7699,234.8132
2021-06-11,236.93,2654270,235.0,237.5,234.71
2021-06-10,234.59,2534059,232.05,234.9,231.9301
2021-06-09,231.47,1982276,232.98,234.32,231.45
2021-06-08,232.64,2106462,231.5,233.98,231.34
2021-06-07,231.69,1877063,234.0,234.07,231.16
2021-06-04,233.38,1615437,233.44,233.8,232.07
2021-06-03,232.45,3249444,232.57,232.76,230.15
2021-06-02,233.78,3172033,233.97,234.33,232.81
2021-06-01,233.24,2574575,235.98,235.99,232.74
2021-05-28,233.89,2853674,234.13,234.41,232.45
2021-05-27,234.86,5243094,233.01,235.08,232.4
2021-05-26,232.35,1564344,233.79,233.79,232.16
2021-05-25,232.14,2682023,232.17,232.77,230.71
2021-05-24,231.91,1823438,231.52,232.65,231.02
2021-05-21,231.24,2601267,232.42,233.4,230.31
2021-05-20,232.18,1890474,230.72,234.02,230.56
2021-05-19,230.15,2967215,230.23,230.62,228.18
2021-05-18,231.93,2913221,231.89,233.25,231.65
2021-05-17,231.68,1630842,230.81,232.3,230.25
2021-05-14,231.72,1943122,230.71,232.64,230.47
2021-05-13,229.77,2819534,228.0,231.076,227.88
2021-05-12,227.94,3198197,232.11,233.5716,227.57
2021-05-11,233.86,3028848,237.74,237.8,232.2
2021-05-10,237.11,2031468,235.1,237.92,235.1
2021-05-07,234.84,1406816,235.0,235.72,233.99
2021-05-06,234.86,1832704,235.54,235.65,233.17
2021-05-05,235.04,1524055,234.12,235.35,231.56
2021-05-04,233.86,2529912,234.63,236.13,233.24
2021-05-03,235.56,2458195,237.99,238.18,235.38
2021-04-30,236.08,2640589,234.0,236.29,233.87
2021-04-29,235.21,3146671,233.99,235.8,232.62
2021-04-28,232.41,2776969,235.2,235.45,232.26
2021-04-27,234.98,2623876,232.57,235.63,232.408
2021-04-26,232.31,2490387,234.78,235.35,231.91
2021-04-23,234.58,2137862,233.79,235.24,233.1
2021-04-22,232.96,1839671,232.83,234.04,231.94
2021-04-21,232.26,2065818,233.3,233.86,231.85
2021-04-20,233.01,1885666,231.24,233.21,231.08
2021-04-19,231.81,2254849,233.12,233.295,230.83
2021-04-16,233.08,2694295,233.65,234.26,232.31
2021-04-15,231.28,2063107,229.81,231.3599,229.2
2021-04-14,230.31,2129184,231.22,231.29,229.59
2021-04-13,231.32,2571032,230.44,231.6626,229.69
2021-04-12,230.96,2292729,231.48,232.38,230.49
2021-04-09,231.48,2729039,230.19,231.61,228.87
2021-04-08,230.25,2772285,232.61,232.8,229.2
2021-04-07,232.61,2551332,231.68,232.81,231.24
2021-04-06,231.91,3230903,229.71,232.27,228.72
2021-04-05,228.85,2866411,226.6,229.5,226.19
2021-04-01,225.21,2441261,224.67,226.22,223.276
2021-03-31,224.14,3564051,224.01,226.49,224.0
2021-03-30,224.98,2419008,226.13,227.02,224.22
2021-03-29,227.35,3621281,224.83,227.875,224.3
2021-03-26,225.21,3263234,224.2,225.28,222.42
2021-03-25,224.2,3249784,225.15,225.32,222.44
2021-03-24,224.05,2442483,225.32,227.02,224.04
2021-03-23,224.37,2794029,223.96,226.4,223.7513
2021-03-22,225.07,4220655,223.39,226.91,222.65
2021-03-19,222.44,7719379,222.76,225.1828,221.0
2021-03-18,222.9,3254846,223.68,225.35,221.41
2021-03-17,224.11,5240638,224.56,224.9,220.01
2021-03-16,219.86,3583426,219.58,221.3,217.16
2021-03-15,220.46,5483461,213.65,220.55,213.5
2021-03-12,212.34,2818192,212.04,214.24,211.42
2021-03-11,211.57,3618040,214.7,215.23,211.49
2021-03-10,213.31,3447188,208.72,213.63,208.24
2021-03-09,208.55,3646703,210.63,211.2,208.28
2021-03-08,209.11,3157129,207.7,210.591,207.14
2021-03-05,207.37,3608200,205.75,208.23,202.9592
2021-03-04,204.84,3926187,206.16,207.49,202.73
2021-03-03,205.82,3488639,207.52,208.99,205.61
2021-03-02,208.67,3016563,208.0,209.9,206.19
2021-03-01,208.25,2827891,207.35,210.38,207.35
2021-02-26,206.14,5333957,210.75,211.635,206.14
2021-02-25,210.95,3131399,212.7,212.92,209.74
2021-02-24,213.27,2887130,210.84,214.1,210.42
2021-02-23,211.32,3243046,214.5,215.7,210.43
2021-02-22,212.06,2911052,211.5,213.0,209.69
2021-02-19,212.24,3181592,215.29,215.73,211.97
2021-02-18,215.43,2190987,213.29,215.8601,212.65
2021-02-17,213.45,3304816,213.96,214.89,212.63
2021-02-16,215.03,2893080,214.37,216.94,213.83
2021-02-12,213.9,2781322,214.0,214.7,212.99
2021-02-11,214.27,2583649,214.54,214.8,212.4
2021-02-10,214.4,3161598,216.88,217.31,213.81
2021-02-09,215.98,3047287,212.07,216.18,211.77
2021-02-08,211.58,2696298,212.53,212.99,209.96
2021-02-05,212.58,2600218,212.59,214.18,212.01
2021-02-04,211.03,2777644,210.0,212.11,208.67
2021-02-03,208.71,3020703,208.35,209.99,207.93
2021-02-02,209.76,2786000,208.09,212.63,207.645
2021-02-01,207.93,2812476,208.48,209.69,206.6
2021-01-29,207.84,5203314,205.11,209.4,203.11
2021-01-28,206.82,5401592,208.63,210.36,205.13
2021-01-27,207.0,5464011,212.39,213.15,207.0
2021-01-26,215.38,2907817,212.51,215.51,212.17
2021-01-25,213.34,2615384,212.22,214.05,210.56
2021-01-22,213.38,2196479,212.51,214.14,211.17
2021-01-21,213.53,2676309,214.06,215.96,213.32
2021-01-20,213.63,4077731,210.15,214.41,209.63
2021-01-19,209.09,3331595,210.68,211.0,207.88
2021-01-15,209.91,3593732,207.97,210.7,207.4203
2021-01-14,208.5,3666716,212.1,212.67,208.0
2021-01-13,212.09,2069926,210.91,213.13,210.9046
2021-01-12,211.6,2951952,213.69,214.33,210.94
2021-01-11,214.23,2545893,215.09,216.12,213.1234
2021-01-08,215.87,2639146,212.9,216.12,212.23
2021-01-07,211.98,3142014,213.22,213.22,210.56
2021-01-06,211.0,3083426,211.3,211.7083,209.03
2021-01-05,211.48,2576065,210.18,211.95,209.62
2021-01-04,210.22,4055409,214.49,214.72,208.22
2020-12-31,214.58,2610914,211.25,214.93,210.78
2020-12-30,211.56,1854990,212.96,213.36,211.28
2020-12-29,212.71,1665725,214.64,215.78,212.45
2020-12-28,214.02,2550104,212.99,214.88,212.19
2020-12-24,211.39,1047650,212.12,212.74,211.14
2020-12-23,212.02,1658765,212.3,213.4338,211.79
2020-12-22,211.92,2773709,211.2,212.905,210.37
2020-12-21,211.67,4342480,210.62,212.55,208.01
2020-12-18,215.08,7929060,215.15,216.85,213.82
2020-12-17,214.25,2558810,215.39,215.785,213.53
2020-12-16,213.8,2681984,214.88,217.51,213.66
2020-12-15,214.86,3799294,213.22,216.21,212.7392
2020-12-14,211.92,4744960,210.73,214.74,210.21
2020-12-11,207.76,2770817,207.47,208.94,206.73
2020-12-10,208.04,2956368,208.5,208.76,207.07
2020-12-09,208.69,3011056,209.49,209.5271,207.33
2020-12-08,208.39,2709447,206.55,209.1,206.41
2020-12-07,208.89,3826001,208.53,209.11,206.19
2020-12-04,210.74,3151060,211.6,213.38,210.1
2020-12-03,211.51,3732543,210.94,213.23,210.5581
2020-12-02,210.86,6223661,214.0,214.4,209.13
2020-12-01,216.14,4226275,218.88,218.93,215.53
2020-11-30,217.44,3413588,216.46,217.57,214.43
2020-11-27,218.33,1394366,219.02,220.4,217.66
2020-11-25,219.34,1889200,219.98,220.59,217.92
2020-11-24,219.71,3872224,219.01,221.25,218.25
2020-11-23,217.0,3011272,215.14,217.6,214.65
2020-11-20,214.09,3932954,214.39,215.215,213.625
2020-11-19,215.11,2840460,214.84,215.48,213.33
2020-11-18,215.52,3095154,216.1,217.84,215.41
2020-11-17,216.01,2443547,215.6,217.39,214.02
2020-11-16,216.73,3702131,215.5,216.75,213.6301
2020-11-13,213.28,3072628,213.76,214.39,212.34
2020-11-12,213.07,4257495,217.56,217.82,210.88
2020-11-11,218.02,4127212,214.81,219.25,214.3
2020-11-10,213.32,4255577,215.75,215.99,211.34
2020-11-09,213.22,7981211,226.79,227.8477,207.17
2020-11-06,216.56,3916076,216.0,217.885,214.25
2020-11-05,216.31,3622023,216.07,218.2,214.68
2020-11-04,214.87,3360836,215.0,219.47,213.3
2020-11-03,216.8,2615017,215.59,218.1,213.95
2020-11-02,212.56,2983362,215.88,216.32,210.79
2020-10-30,213.0,3451419,213.6,215.22,209.905
2020-10-29,214.95,2477582,214.69,217.65,213.07
2020-10-28,214.69,3273074,218.39,220.5916,214.46
2020-10-27,222.97,1801922,224.47,225.23,222.72
2020-10-26,224.27,2538058,226.78,227.25,220.97
2020-10-23,228.71,2278124,230.41,230.41,227.8
2020-10-22,229.15,1961450,227.76,229.4,226.875
2020-10-21,228.19,1518200,227.23,229.49,227.21
2020-10-20,227.45,1883639,226.74,230.0,226.43
2020-10-19,226.0,2009635,229.55,231.02,225.17
2020-10-16,229.37,2162939,229.77,231.91,229.1501
2020-10-15,229.64,2178247,226.15,230.0,225.59
2020-10-14,227.62,1862687,228.41,229.4803,227.35
2020-10-13,227.35,2098972,225.7,228.58,224.93
2020-10-12,226.11,2412627,224.81,226.51,223.12
2020-10-09,224.83,3237709,226.94,227.22,223.12
2020-10-08,225.8,3195785,226.09,227.08,224.29
2020-10-07,226.48,1972777,225.58,228.41,225.125
2020-10-06,224.09,2453627,226.83,228.66,223.6
2020-10-05,226.07,2913824,224.86,226.5,224.01
2020-10-02,222.67,3833110,217.51,223.3499,217.1
2020-10-01,219.59,2443348,221.59,223.0,217.79
2020-09-30,219.49,3034100,218.87,222.2,218.41
2020-09-29,218.68,1732275,220.42,220.955,218.4783
2020-09-28,220.26,2112107,220.0,221.98,219.02
2020-09-25,218.18,2196831,215.3,219.25,213.65
2020-09-24,216.12,1727041,214.75,218.41,213.59
2020-09-23,214.97,2777715,217.67,219.685,214.24
2020-09-22,216.41,2475978,216.43,216.96,214.55
2020-09-21,216.41,2831750,217.14,218.045,213.4
2020-09-18,220.27,3861750,221.62,223.57,220.13
2020-09-17,222.58,3376985,223.7,223.73,220.5
2020-09-16,224.81,3464160,222.17,226.72,221.3
2020-09-15,222.37,2640872,221.76,223.64,221.4
2020-09-14,220.56,2544140,219.72,222.59,219.34
2020-09-11,218.0,3616483,217.69,219.18,216.28
2020-09-10,217.24,3325601,215.72,219.48,215.72
2020-09-09,215.71,3213195,215.0,218.17,214.44
2020-09-08,213.58,4107917,211.18,216.3,211.06
2020-09-04,211.73,3828823,215.29,217.78,210.76
2020-09-03,213.8,3126675,218.11,218.11,211.9
2020-09-02,216.23,4091998,213.25,217.13,212.69
2020-09-01,212.69,2926889,210.84,213.61,210.5816
2020-08-31,213.52,2900867,213.52,214.99,212.81
2020-08-28,214.91,3212491,212.82,216.71,211.77
2020-08-27,212.19,3226762,214.34,216.1,212.1
2020-08-26,213.76,2316855,212.09,214.42,211.6
2020-08-25,212.65,2302456,213.96,214.185,212.22
2020-08-24,212.62,2463937,212.26,213.5,210.93
2020-08-21,211.57,3484853,209.96,212.185,209.26
2020-08-20,209.88,2085063,208.12,210.99,208.1
2020-08-19,209.51,2711113,210.22,211.17,208.64
2020-08-18,210.32,2921676,209.26,210.43,207.23
2020-08-17,208.67,2619046,206.94,209.5,206.85
2020-08-14,207.03,2060237,205.95,207.33,205.2
2020-08-13,206.49,1795023,205.96,207.25,205.35
2020-08-12,206.02,2167353,206.86,207.4,205.38
2020-08-11,205.0,2478383,205.0,207.42,204.25
2020-08-10,204.12,2783695,204.35,205.16,202.5367
2020-08-07,204.6,2979950,203.36,205.16,203.285
2020-08-06,203.18,3159323,198.78,203.6,198.37
2020-08-05,199.26,2281830,200.0,200.5,197.91
2020-08-04,199.36,3700233,194.95,199.7,194.34
2020-08-03,194.4,3143754,194.33,195.6,193.59
2020-07-31,194.28,3195486,194.15,194.675,191.6403
2020-07-30,195.41,2705661,195.0,196.4019,192.9201
2020-07-29,196.21,3342859,196.3,198.46,195.71
2020-07-28,196.24,6051015,198.6,199.89,195.5
2020-07-27,201.25,4541727,199.04,202.52,198.71
2020-07-24,198.72,2200026,196.89,198.91,195.725
2020-07-23,197.55,2702178,198.46,199.27,196.01
2020-07-22,198.62,3484707,193.21,199.65,193.05
2020-07-21,192.98,3505717,192.33,194.9,192.0
2020-07-20,191.61,2157480,190.9,192.77,190.37
2020-07-17,191.48,1972966,191.34,191.9,190.13
2020-07-16,190.92,2111107,191.12,192.76,190.15
2020-07-15,191.77,3735433,193.9,194.0,189.88
2020-07-14,190.72,4138567,185.09,190.84,184.73
2020-07-13,184.92,3221622,185.6,188.95,184.71
2020-07-10,184.88,2714444,183.78,185.44,183.01
2020-07-09,184.33,2333500,186.22,186.59,182.62
2020-07-08,185.85,2776400,185.5,187.23,184.75
2020-07-07,185.82,2399567,187.37,187.85,185.25
2020-07-06,188.5,3171467,186.0,188.72,184.14
2020-07-02,183.52,2690150,187.0,187.0,182.86
2020-07-01,184.66,2193762,184.95,186.44,183.72
2020-06-30,184.47,3163190,182.92,185.2,181.89
2020-06-29,182.8,2622177,180.57,182.83,179.17
2020-06-26,179.74,5107359,182.37,182.81,178.88
2020-06-25,182.76,3145191,183.51,184.08,180.325
2020-06-24,184.29,4146579,184.96,185.71,181.34
2020-06-23,186.62,2951916,189.55,189.73,186.32
2020-06-22,187.46,3223215,186.0,187.77,184.89
2020-06-19,186.56,6264833,192.29,192.3565,186.53
2020-06-18,189.49,3153262,190.01,190.74,187.89
2020-06-17,190.79,3154073,191.92,192.88,190.42
2020-06-16,190.32,5434776,192.0,193.5,187.51
2020-06-15,189.49,4500420,184.6,190.1199,184.13
2020-06-12,189.17,4108594,191.67,191.67,185.45
2020-06-11,187.51,5795967,190.9,192.91,186.33
2020-06-10,195.8,3459865,199.13,199.555,195.6699
2020-06-09,199.52,3728614,200.37,201.57,199.01
2020-06-08,202.65,4443911,195.68,202.73,195.64
2020-06-05,197.16,4728306,198.0,200.15,196.27
2020-06-04,193.24,3469436,192.32,194.26,191.62
2020-06-03,193.29,3881453,188.47,193.81,188.09
2020-06-02,187.59,3125455,188.4,188.56,186.085
2020-06-01,187.41,2169455,186.71,187.84,185.6
2020-05-29,186.32,5719059,187.43,188.7,185.7101
2020-05-28,188.73,3568464,189.42,190.48,186.72
2020-05-27,187.72,3993447,188.74,188.75,185.27
2020-05-26,184.84,3990870,189.59,190.66,184.24
2020-05-22,184.41,2475190,184.48,185.35,183.18
2020-05-21,185.08,2913846,184.18,185.48,182.106
2020-05-20,184.1,4920793,182.0,184.6,180.57
2020-05-19,179.57,3365030,180.12,181.46,178.07
2020-05-18,179.83,4653306,180.06,181.15,178.11
2020-05-15,173.81,6879617,173.05,174.71,171.68
2020-05-14,175.41,4868360,170.2,175.66,167.85
2020-05-13,172.82,4729120,176.18,176.565,171.01
2020-05-12,176.54,3610581,181.97,182.592,176.44
2020-05-11,180.88,2631295,179.37,182.88,178.52
2020-05-08,181.23,3411874,183.2,183.43,179.9102
2020-05-07,181.12,3039953,179.5,181.56,178.3
2020-05-06,176.97,3916862,180.6,181.12,176.86
2020-05-05,179.24,3828424,183.53,183.86,179.11
2020-05-04,181.87,4027063,181.31,182.46,178.87
2020-05-01,182.66,3764754,184.0,185.54,182.15
2020-04-30,187.56,7127221,182.0,188.31,180.76
2020-04-29,187.82,3465196,188.53,190.41,186.88
2020-04-28,185.93,3804981,190.0,190.0,185.57
2020-04-27,185.89,4048222,185.15,188.365,184.77
2020-04-24,184.02,3319849,183.26,184.35,180.86
2020-04-23,182.04,5050147,186.16,187.33,181.32
2020-04-22,186.48,4245902,180.75,187.73,180.75
2020-04-21,177.58,4758289,177.37,179.39,176.1
2020-04-20,181.65,3856456,184.45,185.78,181.55
2020-04-17,186.1,6467814,182.32,186.81,180.2275
2020-04-16,179.5,7120833,177.0,179.91,172.27
2020-04-15,177.84,4961463,178.74,180.97,177.27
2020-04-14,183.99,3864204,183.75,184.49,181.84
2020-04-13,180.12,3182573,182.68,182.8506,176.91
2020-04-09,183.7,4901856,180.73,185.46,179.62
2020-04-08,177.49,5665728,175.01,179.42,174.1
2020-04-07,175.59,7848299,184.53,185.19,175.16
2020-04-06,177.04,8330914,169.2,177.87,168.24
2020-04-03,160.33,5050441,160.31,162.23,156.15
2020-04-02,161.5,4803514,155.0,161.95,155.0
2020-04-01,158.17,4668869,160.22,161.44,156.35
2020-03-31,165.35,4522292,166.84,169.51,165.0
2020-03-30,168.13,5621669,164.92,170.31,163.57
2020-03-27,164.01,6441366,162.78,169.735,159.2164
2020-03-26,167.35,8264901,163.99,170.93,161.0
2020-03-25,162.98,9708701,165.0,171.36,159.22
2020-03-24,161.95,11678380,149.0,162.98,146.1
2020-03-23,137.1,10660440,142.95,153.21,136.5
2020-03-20,148.49,12000040,153.59,161.54,147.77
2020-03-19,149.5,12773390,135.2,154.8403,128.21
2020-03-18,137.3,12627580,137.5,141.71,124.23
2020-03-17,147.62,13708250,148.02,149.48,135.0
2020-03-16,149.01,9341340,157.1,161.92,147.6283
2020-03-13,177.13,8042646,178.26,179.47,168.2
2020-03-12,170.13,9079339,174.78,179.84,169.38
2020-03-11,188.25,5627804,192.94,195.74,185.83
2020-03-10,199.86,5835234,190.95,200.0,187.89
2020-03-09,186.86,7788507,187.67,194.47,184.1
2020-03-06,198.86,6360268,192.9,199.58,191.21
2020-03-05,198.32,4107234,202.64,203.91,196.33
2020-03-04,207.02,4260634,201.93,207.16,200.9
2020-03-03,199.51,5115171,202.0,205.67,197.16
2020-03-02,202.55,6154168,193.81,202.55,193.18
2020-02-28,194.17,11377780,196.0,198.44,188.81
2020-02-27,201.0,6406211,207.7,210.0,200.93
2020-02-26,210.1,4191398,212.89,214.56,209.75
2020-02-25,212.1,5053726,214.58,216.83,211.149
2020-02-24,213.52,4219147,210.58,215.18,210.11
2020-02-21,215.87,2791392,215.24,216.37,214.3
2020-02-20,215.08,2869429,216.15,216.65,212.7813
2020-02-19,215.63,2229508,216.81,216.92,215.61
2020-02-18,216.15,2714047,215.92,217.04,215.67
2020-02-14,217.09,1720400,217.5,217.84,216.3832
2020-02-13,217.42,2853360,216.71,218.385,216.19
2020-02-12,217.46,2844944,216.0,217.47,215.11
2020-02-11,215.73,2694622,214.0,215.86,213.65
2020-02-10,213.21,2318962,211.34,213.28,211.25
2020-02-07,211.61,2421602,212.56,212.84,211.09
2020-02-06,212.87,2903328,214.72,214.82,212.64
2020-02-05,214.37,2911520,215.64,215.78,213.012
2020-02-04,214.62,3367933,216.11,216.69,214.2496
2020-02-03,215.18,3539429,214.99,216.88,214.23
2020-01-31,213.97,3920820,215.52,217.1,213.14
2020-01-30,216.18,3560701,214.0,216.74,212.83
2020-01-29,214.44,5735460,211.69,216.4168,210.8
2020-01-28,210.39,3855185,209.89,212.21,209.86
2020-01-27,209.34,3389321,207.84,210.61,207.3
2020-01-24,211.24,3106346,214.18,214.18,210.9
2020-01-23,213.42,3378229,210.54,213.5,208.62
2020-01-22,211.44,2757509,213.16,213.6598,211.39
2020-01-21,211.16,4100505,211.37,212.26,210.2208
2020-01-17,211.98,3540424,211.42,212.77,211.35
2020-01-16,210.85,2726936,210.11,211.11,209.22
2020-01-15,209.77,3369381,207.32,210.35,207.32
2020-01-14,207.32,2623410,205.46,207.65,205.46
2020-01-13,206.51,2784618,207.38,207.78,205.76
2020-01-10,207.27,2336721,208.44,208.95,207.2688
2020-01-09,208.35,5974942,206.86,209.3748,206.1
2020-01-08,205.91,5286482,202.62,206.69,202.2
2020-01-07,202.63,4054726,201.87,202.68,200.51
2020-01-06,202.33,4660792,199.6,202.7673,199.35
2020-01-03,200.08,2767663,199.39,200.55,198.85
2020-01-02,200.79,3554837,198.0,200.8,197.81
2019-12-31,197.61,2278794,196.8,197.95,196.5579
2019-12-30,196.91,2242905,197.58,197.8,195.94
2019-12-27,198.17,2264927,197.33,198.47,197.175
2019-12-26,197.06,1810616,196.61,197.16,196.1627
2019-12-24,196.67,1152517,195.93,197.14,195.67
2019-12-23,196.2,2389543,197.54,197.54,196.03
2019-12-20,197.14,6415590,198.55,199.0,196.65
2019-12-19,197.06,3346806,195.46,197.175,195.25
2019-12-18,195.63,4288485,196.6,196.79,194.7101
2019-12-17,196.52,3341019,197.6,198.7199,196.45
2019-12-16,197.88,3650140,197.59,198.16,196.475
2019-12-13,197.12,2078090,196.04,197.33,195.34
2019-12-12,196.31,3024971,195.25,197.17,194.91
2019-12-11,194.72,2490694,195.67,195.75,194.26
2019-12-10,194.95,2470123,194.62,195.385,194.28
2019-12-09,194.68,2244059,195.66,196.35,194.29
2019-12-06,195.35,3608361,194.55,195.74,194.11
2019-12-05,194.21,2820099,194.5,194.5,193.14
2019-12-04,194.31,2217253,193.59,194.4695,192.8901
2019-12-03,193.12,4078751,194.3,195.035,192.35
2019-12-02,195.18,3198902,195.38,195.59,193.78
2019-11-29,194.48,2815480,196.51,196.54,194.27
2019-11-27,196.3,4136783,194.26,196.6699,193.92
2019-11-26,194.01,3879977,192.0,194.03,191.95
2019-11-25,191.89,4000371,193.94,194.315,191.6
2019-11-22,193.14,2418119,193.19,193.4156,192.15
2019-11-21,192.35,3509470,194.28,194.66,192.26
2019-11-20,194.13,3131923,193.59,194.97,193.5401
2019-11-19,193.44,2910580,194.2,194.4,193.01
2019-11-18,194.28,3421599,194.2,195.72,193.86
2019-11-15,193.97,2991719,194.57,194.79,193.309
2019-11-14,194.0,3175846,195.23,195.5,193.16
2019-11-13,195.0,3443994,193.77,195.09,193.51
2019-11-12,193.28,2933091,193.0,193.856,192.77
2019-11-11,192.64,2747002,193.63,194.25,192.5
2019-11-08,193.61,3499866,194.6,194.78,193.2201
2019-11-07,193.08,4820241,195.72,196.0,192.32
2019-11-06,194.18,6473508,193.3,195.27,193.05
2019-11-05,192.18,10496020,189.65,192.995,189.45
2019-11-04,188.66,17662060,190.16,190.75,187.55
2019-11-01,193.94,4192395,197.78,197.97,193.7
2019-10-31,196.7,4960993,197.4,198.0,195.6302
2019-10-30,196.89,6332596,193.29,197.0,191.68
2019-10-29,192.62,4454632,192.0,193.2,191.64
2019-10-28,191.78,7711396,194.98,195.32,191.5
2019-10-25,194.61,4773651,196.1,196.65,194.4013
2019-10-24,196.02,5006419,199.54,199.55,195.7906
2019-10-23,199.21,7966978,200.11,201.1371,198.02
2019-10-22,199.27,10332750,205.09,205.25,199.15
2019-10-21,209.85,3741843,209.7,210.76,208.4427
2019-10-18,208.5,3521237,206.8,209.05,206.73
2019-10-17,206.85,3354558,208.5,209.49,206.84
2019-10-16,208.3,2910045,207.0,208.9329,206.81
2019-10-15,207.22,3815888,209.56,209.72,206.5217
2019-10-14,208.38,3098066,208.0,210.02,207.7883
2019-10-11,209.02,3962687,213.03,213.27,208.67
2019-10-10,211.76,2490729,211.76,213.13,211.5
2019-10-09,212.83,1758556,211.7,213.47,211.62
2019-10-08,211.11,2565838,210.98,213.14,209.97
2019-10-07,211.92,3061220,211.1,212.87,211.1
2019-10-04,211.69,2226999,210.83,211.71,210.04
2019-10-03,210.03,3535247,206.82,210.03,206.33
2019-10-02,206.27,4185866,207.93,208.48,205.5928
2019-10-01,209.02,5002976,211.13,211.7,208.46
2019-09-30,214.71,2496973,213.16,215.36,212.805
2019-09-27,213.16,2333187,213.06,213.63,212.285
2019-09-26,212.6,3057795,214.22,215.67,212.48
2019-09-25,212.63,2430656,212.02,213.15,211.0
2019-09-24,212.02,3092687,212.5,213.52,211.55
2019-09-23,211.54,3359064,209.06,212.47,209.06
2019-09-20,209.39,6008065,210.34,211.78,209.37
2019-09-19,210.52,2614128,210.38,211.83,209.87
2019-09-18,210.43,2547415,210.65,210.88,208.285
2019-09-17,209.85,3692802,208.0,210.84,207.49
2019-09-16,207.4,3437739,209.3,209.86,207.33
2019-09-13,209.81,3791827,212.5,212.7786,208.95
2019-09-12,212.15,3439063,211.9,214.0259,211.3
2019-09-11,210.2,3393286,209.69,211.55,208.54
2019-09-10,209.68,6407631,215.43,215.43,208.28
2019-09-09,217.26,2569578,220.5,220.5,217.16
2019-09-06,220.03,1976463,219.81,220.84,219.45
2019-09-05,219.49,2752112,220.21,220.33,218.4
2019-09-04,218.5,2267061,217.5,219.2614,216.5
2019-09-03,217.13,3183134,217.93,218.67,216.28
2019-08-30,217.97,2734180,219.8,220.0,216.935
2019-08-29,220.54,2730740,219.83,221.015,218.37
2019-08-28,218.07,2152034,216.62,218.21,215.4
2019-08-27,216.05,2070202,217.58,217.9,216.05
2019-08-26,216.91,2553406,216.08,217.18,214.21
2019-08-23,214.66,3662483,219.17,219.47,213.89
2019-08-22,219.49,2551256,220.54,220.89,217.88
2019-08-21,220.71,2053321,219.9,220.79,218.73
2019-08-20,218.47,2334864,218.86,219.92,218.35
2019-08-19,218.78,2721167,219.99,220.21,217.11
2019-08-16,218.47,2475934,219.18,219.82,217.3
2019-08-15,218.27,2774122,216.0,218.48,215.665
2019-08-14,216.48,3233712,218.95,219.74,216.38
2019-08-13,219.73,2923623,220.0,220.22,218.04
2019-08-12,217.16,2338365,220.44,220.6499,216.37
2019-08-09,221.15,3783954,218.08,221.93,218.08
2019-08-08,218.01,3724277,217.31,219.74,216.17
2019-08-07,216.83,3767220,213.26,217.56,211.34
2019-08-06,214.08,2970342,210.5,214.55,209.88
2019-08-05,210.45,3685561,213.64,214.605,209.425
2019-08-02,214.48,3517803,211.3,215.09,210.89
2019-08-01,211.25,3232059,211.18,213.13,210.11
2019-07-31,210.72,4048787,212.08,212.71,209.37
2019-07-30,212.34,2808503,214.29,215.205,211.58
2019-07-29,214.98,4278616,216.0,217.42,214.3
2019-07-26,215.58,5029324,217.95,218.9599,214.49
2019-07-25,214.44,3788976,212.36,214.604,212.31
2019-07-24,212.78,2971648,213.84,214.95,212.27
2019-07-23,214.31,2503582,215.74,216.25,212.64
2019-07-22,215.0,2580634,213.79,215.33,212.52
2019-07-19,213.87,2860462,215.58,216.26,213.8
2019-07-18,215.91,2261628,214.08,215.95,213.33
2019-07-17,213.71,1698600,213.98,214.9,213.355
2019-07-16,213.72,2380836,213.53,214.9,212.15
2019-07-15,214.21,2408827,213.63,214.7,212.69
2019-07-12,212.99,1960149,212.69,213.4,211.265
2019-07-11,212.69,1922802,214.47,214.8,211.61
2019-07-10,213.0,1842288,212.25,213.46,211.95
2019-07-09,212.09,1619149,211.99,212.692,211.47
2019-07-08,212.16,1818123,211.24,212.53,211.23
2019-07-05,211.24,1876180,212.3,213.01,210.25
2019-07-03,212.81,2306040,209.82,212.87,209.7
2019-07-02,209.58,3120250,206.75,209.58,206.32
2019-07-01,206.3,2692857,208.86,209.43,206.19
2019-06-28,207.66,3658196,206.9,207.99,206.32
2019-06-27,206.27,2253671,204.67,206.35,204.2
2019-06-26,204.55,2576000,205.49,205.6699,204.01
2019-06-25,205.71,3020965,204.8,206.39,204.72
2019-06-24,203.92,2486835,204.75,205.25,203.63
2019-06-21,204.26,4267398,205.58,205.94,203.98
2019-06-20,205.12,2162164,205.0,205.39,204.1
2019-06-19,204.55,2328409,204.62,205.0,202.61
2019-06-18,204.51,2470933,205.0,205.4,203.9192
2019-06-17,203.81,2694576,205.75,205.75,203.09
2019-06-14,205.29,2715937,204.0,205.805,203.78
2019-06-13,204.49,2277781,205.2,205.4,203.6599
2019-06-12,204.93,2874338,204.49,205.49,203.7
2019-06-11,203.26,2991501,202.3,203.65,201.39
2019-06-10,201.3,4647536,206.1,206.1,199.74
2019-06-07,205.48,4345037,203.5,206.39,203.5
2019-06-06,203.05,4657847,200.12,203.38,200.03
2019-06-05,200.13,4294736,200.08,200.56,199.25
2019-06-04,199.63,3829903,199.0,200.3,198.79
2019-06-03,198.78,3211789,198.36,199.1,197.32
2019-05-31,198.27,3669172,197.41,200.03,197.25
2019-05-30,199.24,2685006,196.01,199.42,195.775
2019-05-29,196.02,2925087,195.85,196.7,194.85
2019-05-28,196.67,3675164,198.28,199.38,196.38
2019-05-24,197.77,2105755,199.87,199.9,197.33
2019-05-23,198.97,3560545,198.81,199.43,198.1
2019-05-22,199.96,1760440,199.52,200.17,198.5
2019-05-21,199.84,2264591,200.89,201.1462,199.07
2019-05-20,198.99,2217366,199.22,200.68,198.28
2019-05-17,199.22,2239574,198.86,200.37,198.8
2019-05-16,199.99,2520899,199.36,200.63,198.89
2019-05-15,199.07,1898987,197.66,199.73,197.5
2019-05-14,198.01,2787732,198.83,199.61,197.64
2019-05-13,199.03,2809429,198.0,199.91,197.28
2019-05-10,199.99,2668932,197.06,200.36,197.02
2019-05-09,197.73,1923655,197.12,198.31,196.41
2019-05-08,198.03,2040919,197.71,199.09,196.75
2019-05-07,198.04,3072542,197.96,199.62,196.73
2019-05-06,198.9,2371253,196.53,199.18,195.94
2019-05-03,197.52,2915210,195.34,197.97,194.75
2019-05-02,194.61,2417953,194.19,195.15,193.32
2019-05-01,194.17,4059612,195.87,197.19,193.95
2019-04-30,197.57,6151042,198.85,200.0,195.5
2019-04-29,197.12,3433342,197.98,198.36,195.4001
2019-04-26,197.42,2256626,198.47,198.6,196.54
2019-04-25,197.93,2040805,196.49,198.02,195.62
2019-04-24,197.63,3069957,195.57,198.26,195.34
2019-04-23,195.26,2192868,194.31,195.95,194.12
2019-04-22,193.92,1738184,194.0,194.73,193.3799
2019-04-18,194.91,2880164,191.77,195.0,191.66
2019-04-17,191.61,1823587,192.0,192.35,191.37
2019-04-16,191.7,1559170,192.5,193.07,191.39
2019-04-15,191.85,1973446,191.77,192.35,190.85
2019-04-12,191.6,3238055,189.59,192.28,189.57
2019-04-11,188.88,1740341,189.28,189.4799,188.05
2019-04-10,189.22,2375588,190.56,191.3,188.76
2019-04-09,190.08,2279476,189.4,190.28,188.44
2019-04-08,189.85,2289372,190.71,191.5,189.6
2019-04-05,190.71,2438151,190.35,191.24,190.07
2019-04-04,189.87,2324868,189.05,190.73,188.9
2019-04-03,188.35,2512114,188.88,189.24,187.62
2019-04-02,188.35,1797712,188.91,188.95,186.7
2019-04-01,188.39,3114813,190.5,190.85,187.74
2019-03-29,189.9,2951472,190.25,190.52,188.9101
2019-03-28,189.39,1974500,187.97,189.445,187.93
2019-03-27,187.51,1657902,187.64,188.66,187.03
2019-03-26,187.48,2582674,186.65,188.88,186.35
2019-03-25,185.72,2643507,186.25,186.46,184.01
2019-03-22,186.81,3305879,185.96,188.65,185.935
2019-03-21,186.37,2786808,184.44,186.63,184.43
2019-03-20,184.97,3521487,183.38,185.36,182.32
2019-03-19,183.11,3998156,184.06,184.37,182.53
2019-03-18,183.95,3489008,185.98,186.26,183.41
2019-03-15,185.33,6007965,183.27,185.46,182.11
2019-03-14,182.74,2375340,181.99,182.78,180.67
2019-03-13,182.06,2609162,182.52,183.18,181.7
2019-03-12,181.83,2119156,181.67,182.1,180.66
2019-03-11,181.08,2070140,180.0,181.12,179.8
2019-03-08,179.5,2757217,179.75,180.0,178.27
2019-03-07,180.52,3171200,182.12,182.39,179.95
2019-03-06,182.03,2051573,182.0,183.46,181.9
2019-03-05,181.35,3250749,180.6,181.75,180.35
2019-03-04,180.59,4814106,184.55,184.73,179.7
2019-03-01,185.05,2687862,184.59,185.65,184.07
2019-02-28,183.84,3297847,182.13,183.98,182.01
2019-02-27,183.36,2261197,183.07,184.06,182.84
2019-02-26,183.21,2219067,183.44,183.81,182.47
2019-02-25,182.61,3088136,183.93,184.705,182.41
2019-02-22,183.17,3073494,182.98,183.41,182.0
2019-02-21,182.81,4296217,180.45,183.34,180.4
2019-02-20,180.49,3313101,179.47,180.92,179.34
2019-02-19,179.25,4764865,181.11,181.9,179.16
2019-02-15,179.97,4640450,177.28,179.98,177.0142
2019-02-14,175.87,4428779,173.93,176.44,173.41
2019-02-13,174.15,5282956,174.0,174.66,173.75
2019-02-12,173.97,4691250,174.79,175.28,173.8
2019-02-11,174.26,3181235,175.24,175.9,174.17
2019-02-08,174.75,4002810,174.77,175.47,174.4
2019-02-07,175.28,4134112,176.0,176.26,174.31
2019-02-06,176.18,3964063,177.55,177.55,175.99
2019-02-05,177.57,4179576,177.71,179.42,177.22
2019-02-04,177.55,4525268,177.29,177.78,175.66
2019-02-01,176.72,6513837,179.55,180.49,176.48
2019-01-31,178.78,10427580,180.25,181.85,176.87
2019-01-30,181.77,9486888,182.92,187.7923,178.67
2019-01-29,182.17,3400159,183.28,183.72,180.97
2019-01-28,183.6,4116860,183.06,183.72,181.83
2019-01-25,184.0,4401268,188.77,189.42,183.93
2019-01-24,187.37,3213548,186.86,187.88,185.94
2019-01-23,186.09,2485889,184.78,186.17,184.11
2019-01-22,184.57,3187090,182.25,185.48,182.25
2019-01-18,182.57,3487954,183.04,183.26,180.94
2019-01-17,181.11,3010955,179.25,181.11,179.03
2019-01-16,179.35,3365719,180.94,181.53,179.14
2019-01-15,181.02,3856139,181.47,183.21,180.74
2019-01-14,181.22,1882717,181.42,181.75,180.69
2019-01-11,182.37,2347641,180.59,182.4,180.46
2019-01-10,181.55,2481865,179.84,181.875,179.3201
2019-01-09,180.29,2677850,180.56,180.9,179.19
2019-01-08,180.6,2892406,181.96,182.29,179.91
2019-01-07,180.22,3145109,178.14,181.88,178.14
2019-01-04,178.28,3179133,176.03,179.2,175.6901
2019-01-03,174.9,3719301,175.45,176.45,174.41
2019-01-02,176.06,2547222,175.41,176.3,174.168
2018-12-31,177.57,2482576,175.96,177.8,175.6
2018-12-28,175.56,2890778,176.3,177.5,174.85
2018-12-27,175.71,3912836,173.29,175.71,170.73
2018-12-26,174.03,4014787,170.09,174.04,169.04
2018-12-24,170.28,2400878,174.24,175.27,170.17
2018-12-21,174.15,8510725,173.53,177.65,173.53
2018-12-20,173.68,5638681,178.21,178.8122,172.54
2018-12-19,179.16,3873687,180.95,182.98,178.58
2018-12-18,179.71,4224478,182.24,182.61,179.06
2018-12-17,180.79,4525694,182.8,183.62,180.2
2018-12-14,183.29,4449968,185.26,185.26,182.2
2018-12-13,186.43,2613231,184.0,186.76,183.81
2018-12-12,183.48,3024645,183.93,184.84,182.35
2018-12-11,183.59,2669676,186.57,186.83,182.87
2018-12-10,184.65,3084901,182.96,185.09,180.55
2018-12-07,182.96,3084950,185.33,187.2,182.67
2018-12-06,185.45,4808147,182.74,185.75,182.1
2018-12-04,185.04,4113268,185.79,188.08,184.9
2018-12-03,185.37,4394763,188.1,188.42,184.67
2018-11-30,188.51,6631771,188.34,189.23,186.76
2018-11-29,189.26,4610851,190.72,190.88,188.61
2018-11-28,187.85,3278899,185.97,188.05,184.72
2018-11-27,184.63,2190880,183.33,184.64,183.19
2018-11-26,183.89,3666518,182.4,184.09,182.07
2018-11-23,181.93,1747670,182.52,183.0,181.07
2018-11-21,182.72,3410621,183.21,185.57,182.7
2018-11-20,183.71,3708232,185.67,186.63,183.03
2018-11-19,186.72,3707962,187.74,188.9,185.79
2018-11-16,187.59,3694139,183.5,187.77,183.42
2018-11-15,183.56,3350815,182.97,183.98,181.52
2018-11-14,183.85,3400427,184.22,185.09,183.36
2018-11-13,184.01,2353001,183.94,184.92,183.32
2018-11-12,184.37,3056696,185.95,187.42,183.78
2018-11-09,185.94,3236312,186.0,186.58,185.07
2018-11-08,185.48,3302497,184.29,186.04,184.08
2018-11-07,184.25,4250885,183.0,184.48,181.88
2018-11-06,182.71,4863546,180.03,182.86,179.49
2018-11-05,180.39,4703847,177.41,181.1,177.0
2018-11-02,176.75,4175302,176.45,176.99,174.0
2018-11-01,174.88,3683191,176.67,177.35,174.7
2018-10-31,176.9,5423391,178.81,178.96,176.37
2018-10-30,178.49,5555549,173.51,178.59,173.44
2018-10-29,173.23,3471369,175.0,176.16,172.22
2018-10-26,173.34,4736309,174.6,174.93,172.6
2018-10-25,175.31,4556225,177.56,178.27,174.6029
2018-10-24,177.35,7860646,176.13,178.0,174.43
2018-10-23,177.15,12914730,171.2,177.87,170.5
2018-10-22,166.63,5686942,167.98,169.81,166.19
2018-10-19,167.49,3484629,166.39,168.15,166.3
2018-10-18,166.81,3376602,166.64,167.9938,165.766
2018-10-17,166.77,3607479,164.47,167.73,164.11
2018-10-16,164.07,4070578,163.44,164.46,162.9
2018-10-15,163.67,4252559,164.69,165.47,163.64
2018-10-12,163.82,3402822,163.93,164.96,161.86
2018-10-11,162.97,5419346,166.41,167.67,161.82
2018-10-10,168.37,4135049,171.99,172.0,168.22
2018-10-09,169.83,4157715,168.16,170.56,167.81
2018-10-08,167.77,2487928,166.25,168.17,166.12
2018-10-05,166.57,2822493,166.24,167.49,165.79
2018-10-04,165.8,3229270,164.89,166.07,164.5
2018-10-03,164.66,3727804,166.1,167.6,164.37
2018-10-02,165.18,2970171,166.35,167.0377,165.18
2018-10-01,166.67,3100781,168.37,168.95,166.66
2018-09-28,167.29,3095342,166.74,167.83,166.51
2018-09-27,166.53,2361257,165.62,167.27,165.3
2018-09-26,165.76,3027987,166.4,167.51,165.55
2018-09-25,166.41,5237098,164.59,167.18,164.07
2018-09-24,163.31,4372117,163.9,164.08,161.12
2018-09-21,165.3,8789456,162.71,165.3,162.51
2018-09-20,160.79,3116064,160.21,161.05,159.37
2018-09-19,159.18,2813183,158.71,159.49,157.72
2018-09-18,157.77,3708060,158.17,159.08,157.58
2018-09-17,158.14,5357385,159.55,159.82,156.56
2018-09-14,160.84,3905416,163.0,163.11,160.25
2018-09-13,162.4,3625147,165.45,165.46,161.7
2018-09-12,164.74,2541037,164.32,165.42,163.74
2018-09-11,164.62,2913274,164.88,165.93,164.201
2018-09-10,165.07,3080061,164.48,166.02,164.24
2018-09-07,163.9,2868309,163.58,164.2,163.14
2018-09-06,163.74,3124752,163.04,164.3,162.7
2018-09-05,163.24,2749159,161.6,163.4,161.19
2018-09-04,161.72,3296270,161.81,161.98,160.07
2018-08-31,162.23,3646447,161.53,162.91,161.53
2018-08-30,162.8,3038213,163.03,163.29,162.3728
2018-08-29,163.11,3168222,161.92,163.34,161.69
2018-08-28,161.64,2137861,160.55,161.67,160.155
2018-08-27,160.48,2620121,160.23,160.52,159.2
2018-08-24,159.38,2199399,158.74,159.86,158.3
2018-08-23,159.05,2755526,160.56,160.79,158.37
2018-08-22,160.55,2317191,161.41,161.51,160.08
2018-08-21,161.04,1885660,161.46,161.95,161.02
2018-08-20,161.68,2659490,161.29,162.16,161.1
2018-08-17,161.15,2526821,161.9,161.9,160.24
2018-08-16,161.73,2822083,160.15,162.28,160.15
2018-08-15,159.88,3355473,159.81,160.46,158.37
2018-08-14,160.6,3111614,158.35,161.43,158.19
2018-08-13,158.14,2879589,158.48,158.99,157.25
2018-08-10,158.68,3342512,158.34,159.51,157.87
2018-08-09,159.3,2729712,158.84,159.62,157.96
2018-08-08,158.92,2988036,156.49,158.93,156.17
2018-08-07,156.04,1929316,156.91,157.2,155.84
2018-08-06,156.72,2375186,156.03,157.41,155.46
2018-08-03,156.21,3673117,155.7,156.97,154.29
2018-08-02,155.41,6201868,156.65,156.9297,153.13
2018-08-01,156.92,4252751,156.57,157.22,155.66
2018-07-31,157.54,3530029,158.7,159.0,157.23
2018-07-30,158.64,3273085,157.39,160.02,157.09
2018-07-27,157.48,4233877,156.58,158.01,156.4
2018-07-26,156.14,7408945,158.23,158.89,154.71
2018-07-25,158.89,4192236,157.69,158.99,157.41
2018-07-24,157.94,3385421,159.24,159.58,157.52
2018-07-23,158.75,2752991,157.8,158.83,157.04
2018-07-20,157.97,2693888,157.2,158.35,156.28
2018-07-19,157.41,4865678,157.59,158.64,157.11
2018-07-18,157.93,3823411,159.85,159.87,157.81
2018-07-17,159.75,1875387,158.56,160.0,158.56
2018-07-16,158.78,2817982,158.62,159.28,157.96
2018-07-13,158.51,5184917,157.4,158.76,155.28
2018-07-12,159.12,2345944,159.15,159.775,158.82
2018-07-11,158.62,3125468,158.89,159.71,157.7
2018-07-10,160.62,2175999,159.83,160.98,159.46
2018-07-09,159.94,2387131,160.47,160.8,159.37
2018-07-06,159.42,3298416,157.77,160.57,157.45
2018-07-05,157.32,2165627,156.9,157.67,156.5
2018-07-03,156.48,1437699,157.36,157.82,156.31
2018-07-02,156.87,2924449,155.99,156.87,155.45
2018-06-29,156.69,4023121,156.76,157.95,156.07
2018-06-28,156.32,4135165,157.25,157.33,155.1
2018-06-27,157.42,4950858,159.05,160.49,157.38
2018-06-26,160.91,3374176,160.01,161.855,159.8
2018-06-25,159.81,6067944,163.0,163.0,158.95
2018-06-22,164.55,10925080,161.27,165.14,161.26
2018-06-21,160.53,4544333,163.29,163.6,159.541
2018-06-20,162.56,3645195,164.91,165.53,162.37
2018-06-19,164.97,3340527,164.62,165.51,164.24
2018-06-18,166.28,4122543,165.53,166.58,163.81
2018-06-15,166.46,7382007,166.1,166.6,164.59
2018-06-14,167.05,2289549,167.04,167.94,166.68
2018-06-13,166.58,2893544,166.99,167.61,166.55
2018-06-12,166.73,2940748,166.82,167.24,166.2301
2018-06-11,166.49,3246011,169.04,169.04,166.26
2018-06-08,168.91,5053920,169.02,171.56,168.46
2018-06-07,169.48,8287528,163.75,170.0,163.69
2018-06-06,162.38,3585294,159.79,162.39,159.33
2018-06-05,159.48,2949927,159.97,160.99,158.98
2018-06-04,160.22,3168812,160.08,160.49,159.54
2018-06-01,159.16,3203401,159.9,160.05,159.02
2018-05-31,160.01,4878429,161.18,161.63,159.94
2018-05-30,161.82,2387741,161.41,162.1,160.8175
2018-05-29,160.62,3195346,162.43,162.72,160.2124
2018-05-25,163.21,2582090,162.44,163.95,162.1
2018-05-24,162.39,3374345,161.11,162.6,160.44
2018-05-23,161.62,3829513,159.7,161.65,159.1586
2018-05-22,159.45,3223891,162.06,162.09,159.16
2018-05-21,161.48,2390960,161.78,161.97,160.61
2018-05-18,160.98,2312723,161.68,162.84,160.55
2018-05-17,161.31,2912980,162.63,163.23,160.73
2018-05-16,162.87,2400741,163.24,163.94,161.74
2018-05-15,163.06,3471278,164.27,164.65,162.33
2018-05-14,164.72,2537284,165.65,165.98,164.32
2018-05-11,165.39,2258254,165.0,165.98,164.85
2018-05-10,165.07,1675033,164.45,165.64,164.31
2018-05-09,164.24,2759127,165.0,165.21,163.05
2018-05-08,164.77,2741610,164.44,165.59,163.75
2018-05-07,165.0,3381383,166.77,167.3,164.65
2018-05-04,165.03,4283225,159.95,165.45,159.9
2018-05-03,160.08,3370672,160.6,160.84,159.08
2018-05-02,160.68,4244850,162.15,163.195,160.44
2018-05-01,163.44,6559208,166.38,166.5,162.1
2018-04-30,167.44,12936180,164.69,167.95,163.75
2018-04-27,158.3,4128608,159.48,159.85,158.21
2018-04-26,158.9,3668251,156.46,159.46,155.65
2018-04-25,155.94,3687913,157.09,157.34,155.01
2018-04-24,157.32,2833268,159.75,159.83,156.761
2018-04-23,158.99,2992570,158.97,159.69,158.15
2018-04-20,158.77,3961012,159.33,160.73,158.51
2018-04-19,159.53,3272847,161.61,162.1,158.78
2018-04-18,161.81,2503021,162.59,163.31,161.74
2018-04-17,162.55,2748421,162.39,163.48,162.06
2018-04-16,161.63,3112744,161.3,162.44,160.86
2018-04-13,161.73,2449089,162.16,163.16,161.26
2018-04-12,161.62,5176861,163.59,165.4,161.54
2018-04-11,163.34,2699607,162.5,164.06,162.275
2018-04-10,162.77,3922753,162.83,163.9632,162.05
2018-04-09,161.23,3581348,162.22,163.57,161.06
2018-04-06,161.25,4275936,162.42,163.78,160.91
2018-04-05,163.95,4457268,162.4,164.5615,161.75
2018-04-04,161.73,4883491,158.5,162.15,157.88
2018-04-03,160.4,4719249,157.98,160.53,157.3
2018-04-02,157.72,6956336,158.27,160.16,155.25
2018-03-29,156.38,5285851,159.0,159.83,156.38
2018-03-28,158.41,3891493,157.84,159.76,157.82
2018-03-27,157.48,3208196,158.5,159.7655,156.47
2018-03-26,158.01,3475933,156.21,158.2,156.21
2018-03-23,154.98,3443438,157.59,158.08,154.92
2018-03-22,157.04,3658765,157.85,159.12,156.85
2018-03-21,158.66,3657845,160.0,160.41,158.29
2018-03-20,159.38,3105127,159.75,160.67,159.25
2018-03-19,159.01,4253662,162.0,162.36,158.21
2018-03-16,162.36,14293390,161.88,163.23,161.58
2018-03-15,161.61,5923368,158.71,162.15,158.59
2018-03-14,158.24,3878757,159.0,159.51,157.24
2018-03-13,158.22,4332373,158.56,159.89,158.21
2018-03-12,157.74,4243240,157.74,159.45,157.505
2018-03-09,157.24,5076404,155.62,157.73,154.84
2018-03-08,154.44,4428515,152.73,154.61,152.65
2018-03-07,152.38,4381173,149.86,152.74,149.68
2018-03-06,151.2,5006260,151.25,151.71,150.13
2018-03-05,151.03,6266698,148.28,151.48,147.92
2018-03-02,148.27,11749150,148.91,150.45,146.84
2018-03-01,155.7,5608164,157.8,160.43,155.21
2018-02-28,157.74,6101333,160.43,161.21,157.72
2018-02-27,160.66,4900961,164.19,164.5,160.64
2018-02-26,163.58,4523815,164.0,164.75,162.3
2018-02-23,163.06,4266490,161.44,163.31,161.44
2018-02-22,160.66,4394307,158.95,161.4,158.9
2018-02-21,158.64,7829722,157.76,161.32,157.6
2018-02-20,157.16,5207497,157.0,159.16,156.275
2018-02-16,157.79,7160663,159.47,159.9,157.76
2018-02-15,160.78,5003805,161.14,161.52,158.81
2018-02-14,159.99,5856345,161.44,162.02,159.68
2018-02-13,162.4,5403220,163.0,163.83,161.72
2018-02-12,163.9,5254872,162.37,165.89,161.5
2018-02-09,160.8,7185570,159.98,161.98,155.23
2018-02-08,158.97,5429057,165.69,165.7329,158.76
2018-02-07,165.71,4973623,164.86,168.26,164.52
2018-02-06,165.18,6809320,158.35,166.05,158.25
2018-02-05,163.85,7243080,168.61,169.455,153.86
2018-02-02,169.38,4602394,170.8,172.7299,168.99
2018-02-01,171.9,4748363,170.27,173.54,168.8945
2018-01-31,171.14,7002675,173.6,174.295,170.27
2018-01-30,172.48,9422173,177.1,177.67,170.85
2018-01-29,177.77,6078121,178.3,178.7,177.24
2018-01-26,178.36,3951120,175.67,178.4,175.0101
2018-01-25,175.66,2815718,176.4,176.62,174.66
2018-01-24,176.12,2750647,177.3,177.3,175.25
2018-01-23,176.81,2978705,175.57,177.75,174.85
2018-01-22,176.21,3216373,175.97,176.83,175.605
2018-01-19,176.12,3687685,174.99,176.64,174.38
2018-01-18,174.57,2151129,175.19,175.445,173.9
2018-01-17,174.98,4129337,174.35,175.69,173.88
2018-01-16,173.68,3662028,173.62,174.41,172.88
2018-01-12,173.57,2900567,173.36,173.79,172.88
2018-01-11,173.39,3071283,173.56,174.55,172.1
2018-01-10,173.51,2173176,173.5,174.0,172.47
2018-01-09,173.54,2673967,174.23,174.23,173.01
2018-01-08,173.93,2060258,173.74,174.21,172.93
2018-01-05,174.05,3737690,174.0,175.0,173.4
2018-01-04,173.7,2756158,173.24,174.13,172.73
2018-01-03,172.49,3789382,173.23,173.64,172.0
2018-01-02,173.22,3696390,173.73,174.4799,172.66
2017-12-29,172.12,2201758,172.98,172.98,171.92
2017-12-28,173.1,1800068,173.26,173.55,172.62
2017-12-27,172.67,1596297,171.33,172.74,170.845
2017-12-26,171.29,1280127,171.09,171.64,170.82
2017-12-22,171.42,3234099,171.82,172.04,170.55
2017-12-21,171.85,2337435,172.6,172.75,171.67
2017-12-20,172.17,2749381,173.83,173.88,171.71
2017-12-19,173.39,3122060,174.39,174.9,173.08
2017-12-18,174.2,2426217,174.87,175.78,174.11
2017-12-15,174.06,7431192,174.3,175.09,173.68
2017-12-14,173.14,2666925,173.66,174.08,172.83
2017-12-13,173.55,2553974,172.44,173.96,172.4
2017-12-12,172.23,2802572,173.0,173.2,171.85
2017-12-11,173.25,2340625,172.94,173.25,172.22
2017-12-08,173.15,2241049,173.05,173.5429,172.51
2017-12-07,172.91,2283365,172.55,173.29,171.92
2017-12-06,173.48,2619210,173.39,174.44,173.0
2017-12-05,172.99,3228566,173.39,174.25,172.46
2017-12-04,170.65,3942690,173.27,173.48,170.43
2017-12-01,172.87,4278043,172.77,173.15,170.39
2017-11-30,171.97,6021625,170.24,173.17,169.34
2017-11-29,170.43,4585501,171.7,172.02,169.05
2017-11-28,171.34,2909353,169.23,171.38,169.04
2017-11-27,168.96,2082510,168.9,169.18,168.09
2017-11-24,169.11,963233,168.88,169.56,168.82
2017-11-22,169.05,2719456,169.27,170.35,168.6692
2017-11-21,168.3,2651448,167.55,169.26,167.51
2017-11-20,166.93,2442259,167.33,167.85,166.76
2017-11-17,166.72,2221317,167.54,167.7001,166.16
2017-11-16,168.09,2291316,167.68,168.89,167.53
2017-11-15,167.32,1974274,167.69,168.69,167.15
2017-11-14,168.11,2180089,166.84,168.42,166.5701
2017-11-13,167.37,2602641,165.47,167.95,165.08
2017-11-10,165.59,4225689,166.4,166.8,163.52
2017-11-09,167.0,4218356,168.72,169.2,166.1
2017-11-08,170.1,2605086,170.17,170.92,169.45
2017-11-07,170.77,2505295,170.1,170.82,169.52
2017-11-06,170.07,3088382,168.9,170.42,168.6
2017-11-03,168.65,1959700,168.0,169.45,167.6008
2017-11-02,168.1,2289430,166.99,168.47,166.5
2017-11-01,166.37,2185974,165.72,167.99,165.57
2017-10-31,166.91,2873004,166.25,167.41,166.1295
2017-10-30,166.23,2050099,165.0,166.56,164.665
2017-10-27,165.39,2298236,164.09,165.85,163.77
2017-10-26,164.01,2934312,164.14,164.65,163.75
2017-10-25,163.58,3716067,163.41,165.12,163.0
2017-10-24,163.88,7837910,165.26,166.485,163.59
2017-10-23,163.34,6201355,166.1,166.1,163.09
2017-10-20,166.3,5577494,167.23,167.9,165.5
2017-10-19,166.5,2478220,165.82,166.95,164.92
2017-10-18,165.77,2798259,165.29,166.25,163.89
2017-10-17,165.4,2379687,164.92,166.02,164.75
2017-10-16,165.01,2132652,165.44,165.74,164.44
2017-10-13,165.37,2957447,164.45,165.51,164.08
2017-10-12,163.91,3063988,162.99,164.4,162.77
2017-10-11,163.15,3569994,160.9,163.24,160.58
2017-10-10,160.58,2910440,159.69,161.58,159.59
2017-10-09,160.12,2117921,159.61,160.49,159.5
2017-10-06,159.6,3546364,158.58,160.1342,158.58
2017-10-05,158.8,2795851,157.3,158.92,157.3
2017-10-04,157.21,1789463,156.83,157.42,156.65
2017-10-03,156.86,2187705,156.75,157.459,156.36
2017-10-02,156.96,2405661,156.0,157.18,155.8009
2017-09-29,156.68,3660869,157.51,158.04,156.12
2017-09-28,157.49,4209314,156.16,158.31,155.48
2017-09-27,154.05,3897431,153.51,154.69,153.44
2017-09-26,153.35,6186245,156.25,156.84,153.27
2017-09-25,156.26,3661080,158.47,158.687,156.1
2017-09-22,158.91,2442594,158.88,159.74,158.56
2017-09-21,159.03,2503435,159.87,160.09,158.51
2017-09-20,159.88,3640977,157.9,159.89,157.765
2017-09-19,157.43,3554491,157.27,157.9,156.33
2017-09-18,156.68,3832237,157.72,157.79,156.35
2017-09-15,156.92,7400662,157.79,158.0,156.88
2017-09-14,157.0,3109505,157.0,157.35,156.05
2017-09-13,157.0,4705600,156.74,157.78,156.0
2017-09-12,156.33,10320390,160.21,160.72,155.77
2017-09-11,161.53,2330962,160.0,161.72,159.92
2017-09-08,159.71,2984123,159.53,160.38,159.18
2017-09-07,159.9,2965376,158.47,160.065,158.33
2017-09-06,158.22,4142926,159.23,159.37,158.22
2017-09-05,159.1,4004904,159.0,159.78,158.07
2017-09-01,159.81,1878054,159.87,160.2,159.5
2017-08-31,159.97,2716767,159.77,160.0,159.35
2017-08-30,159.53,2236471,158.4,159.64,158.32
2017-08-29,159.38,3279742,159.2,159.76,158.73
2017-08-28,159.67,2024733,159.04,159.96,158.66
2017-08-25,158.82,2003532,158.89,159.34,158.53
2017-08-24,158.41,1634754,159.11,159.679,158.3321
2017-08-23,158.81,2182142,159.3,159.37,158.38
2017-08-22,159.64,2122578,158.5,159.94,158.39
2017-08-21,158.36,2187100,158.17,158.64,157.54
2017-08-18,157.76,2595670,157.99,158.28,157.021
2017-08-17,157.89,3010571,158.75,159.53,157.81
2017-08-16,158.9,2921712,157.89,159.38,157.604
2017-08-15,157.62,2159239,157.84,158.58,157.34
2017-08-14,157.26,2808907,157.45,157.9,156.46
2017-08-11,157.3,2924659,156.88,158.399,156.63
2017-08-10,156.62,3869534,154.33,157.2,154.25
2017-08-09,154.92,3006402,155.3,155.68,154.35
2017-08-08,154.92,4215920,154.67,155.245,154.1
2017-08-07,154.97,3251753,154.14,155.39,154.0
2017-08-04,153.82,4429379,154.61,154.8217,153.23
2017-08-03,154.72,3665560,156.56,156.77,154.411
2017-08-02,156.59,3320665,153.76,156.65,153.71
2017-08-01,154.04,4165990,154.98,155.9,153.71
2017-07-31,155.14,4280364,155.92,156.42,154.85
2017-07-28,155.85,3964206,156.36,156.66,155.07
2017-07-27,156.95,4622655,156.42,157.43,155.54
2017-07-26,156.51,4674116,158.76,159.0,155.68
2017-07-25,159.07,9509801,157.75,159.98,156.54
2017-07-24,151.85,5299131,154.0,154.215,151.77
2017-07-21,153.92,3517080,154.06,154.7,153.29
2017-07-20,154.21,2239718,154.03,155.22,153.55
2017-07-19,153.89,3071480,154.13,154.46,153.48
2017-07-18,153.96,3890485,155.0,155.27,153.37
2017-07-17,155.26,2408743,155.43,155.44,154.7
2017-07-14,155.28,2433137,154.99,155.5,154.73
2017-07-13,155.04,3169725,156.49,156.54,154.34
2017-07-12,156.58,2094759,155.41,156.75,155.27
2017-07-11,154.91,2008680,155.09,155.88,154.01
2017-07-10,155.52,2402179,156.28,156.53,155.16
2017-07-07,156.27,4045179,153.37,156.56,153.15
2017-07-06,153.09,2018670,152.7,153.46,152.33
2017-07-05,153.07,2497334,152.82,153.57,151.99
2017-07-03,152.5,1100668,153.44,153.87,152.475
2017-06-30,153.16,2507813,153.3,153.77,152.72
2017-06-29,153.13,1975536,154.58,154.58,152.15
2017-06-28,154.3,1301925,154.04,154.68,153.74
2017-06-27,153.72,2137826,154.0,154.8152,153.46
2017-06-26,153.96,2360263,155.18,155.46,153.52
2017-06-23,154.64,2214694,155.0,155.45,154.43
2017-06-22,154.8,2003441,153.78,154.91,153.68
2017-06-21,153.73,2447751,154.18,154.42,153.61
2017-06-20,154.07,3613796,154.27,155.28,153.84
2017-06-19,153.14,3171114,152.39,153.18,151.84
2017-06-16,151.99,5443905,150.98,152.89,150.92
2017-06-15,151.17,2516967,149.9,151.52,149.65
2017-06-14,150.68,2675032,150.32,151.08,149.91
2017-06-13,149.82,4267682,148.86,150.2499,148.62
2017-06-12,148.47,5901538,151.0,151.08,148.04
2017-06-09,151.48,4135360,151.88,151.995,150.9
2017-06-08,151.43,3696988,152.0,152.15,151.01
2017-06-07,151.94,2922708,151.23,152.01,150.7256
2017-06-06,151.23,3661594,152.37,152.59,151.21
2017-06-05,152.79,2633039,153.63,153.66,152.76
2017-06-02,153.74,4311175,152.52,153.9,152.15
2017-06-01,152.39,4348400,150.79,152.39,150.35
2017-05-31,150.89,6424091,150.12,151.145,149.6
2017-05-30,149.93,3113840,149.95,150.33,149.52
2017-05-26,149.86,3258228,149.87,150.24,149.25
2017-05-25,149.78,3408013,149.81,149.95,149.27
2017-05-24,149.5,3388799,147.94,149.99,147.0
2017-05-23,147.82,3259307,148.22,148.53,147.65
2017-05-22,148.19,3294546,148.3,148.88,147.93
2017-05-19,148.15,4063928,147.25,148.83,146.84
2017-05-18,147.01,2703434,146.41,147.24,145.81
2017-05-17,146.41,3875545,146.635,147.46,146.24
2017-05-16,147.29,3535947,146.55,147.6686,146.28
2017-05-15,146.28,3299475,145.43,146.4,145.43
2017-05-12,145.36,2747717,144.5,145.5,144.46
2017-05-11,144.21,1941935,144.08,144.405,143.4
2017-05-10,144.52,2273019,143.86,144.64,143.73
2017-05-09,144.36,3051826,144.09,144.98,144.0
2017-05-08,144.24,2813263,143.93,144.5,143.66
2017-05-05,143.96,2452521,143.42,143.975,142.58
2017-05-04,143.45,4172371,142.62,143.67,142.26
2017-05-03,142.62,4278509,142.2,142.7,141.4
2017-05-02,141.23,3751265,140.98,141.81,140.72
2017-05-01,141.15,3744988,139.86,141.45,139.84
2017-04-28,139.93,4779816,140.39,140.76,139.78
2017-04-27,140.87,5181422,141.88,142.79,140.85
2017-04-26,140.84,7131386,141.7,142.0,140.34
2017-04-25,141.7,10883080,138.14,141.99,137.1836
2017-04-24,134.23,5017681,134.24,134.76,133.26
2017-04-21,133.41,3465088,133.55,133.88,133.15
2017-04-20,133.27,2697230,132.65,133.44,132.64
2017-04-19,132.64,3132315,132.64,133.0,132.34
2017-04-18,132.3,3611839,132.01,132.8,131.8
2017-04-17,131.35,3236365,131.25,131.87,130.91
2017-04-13,130.76,2401079,131.0,131.14,130.57
2017-04-12,131.26,3195534,131.31,131.56,130.87
2017-04-11,131.2,3677631,130.62,131.24,129.8
2017-04-10,129.98,2709285,129.95,130.65,129.52
2017-04-07,129.96,2176597,130.02,130.4,129.62
2017-04-06,130.15,3856952,130.31,130.66,129.96
2017-04-05,130.41,4051443,129.89,131.58,129.65
2017-04-04,129.29,3413863,129.14,129.53,128.65
2017-04-03,129.61,3287107,129.5,129.71,128.86
2017-03-31,129.61,3041671,129.39,130.19,129.3
2017-03-30,129.32,2017763,128.75,129.53,128.6
2017-03-29,128.84,3197028,129.0,129.67,128.63
2017-03-28,129.45,3487418,129.46,129.77,128.94
2017-03-27,129.49,2540415,129.08,129.82,129.02
2017-03-24,129.34,3568230,129.38,129.68,129.16
2017-03-23,129.0,2774527,129.14,129.59,128.81
2017-03-22,129.1,3172866,128.58,129.15,128.41
2017-03-21,128.52,4062870,129.22,129.75,128.18
2017-03-20,128.78,3415501,128.99,129.4799,128.47
2017-03-17,128.64,12531480,128.57,129.9815,128.42
2017-03-16,127.98,3945567,128.3,128.9,127.93
2017-03-15,127.88,3529186,128.21,128.3,127.47
2017-03-14,127.8,2486404,127.65,128.23,127.5001
2017-03-13,127.61,3060806,128.01,128.273,127.35
2017-03-10,127.98,3178923,128.56,128.59,127.72
2017-03-09,128.14,3265927,127.95,128.72,127.69
2017-03-08,128.09,3571803,128.07,128.36,127.47
2017-03-07,128.07,3331835,128.06,128.31,127.34
2017-03-06,128.03,3269559,127.9,128.34,127.4
2017-03-03,127.9,4071511,128.19,128.66,127.44
2017-03-02,128.23,6730008,129.05,129.81,128.15
2017-03-01,129.05,5471493,128.02,130.0,127.62
2017-02-28,127.65,4617576,127.08,127.93,126.58
2017-02-27,126.99,5183808,127.68,127.75,126.78
2017-02-24,128.65,3536820,128.36,128.74,127.75
2017-02-23,128.27,3177942,127.93,128.9,127.44
2017-02-22,127.85,3669469,127.52,128.11,126.4
2017-02-21,128.04,4493759,127.16,128.32,127.16
2017-02-17,127.8,3675275,126.78,127.875,126.68
2017-02-16,126.7,3005457,126.75,127.82,126.31
2017-02-15,126.48,2974703,125.66,126.79,125.45
2017-02-14,125.81,2663072,125.5,126.07,125.27
2017-02-13,125.54,2980300,126.02,126.68,125.49
2017-02-10,125.82,3663729,124.68,126.1124,124.5201
2017-02-09,124.48,2493605,124.47,125.0,124.36
2017-02-08,124.67,2835032,124.58,125.36,124.49
2017-02-07,124.59,2847171,124.95,125.42,124.59
2017-02-06,124.45,2759996,124.09,124.9,123.95
2017-02-03,124.24,3183378,123.31,124.51,123.28
2017-02-02,123.22,3236564,122.54,123.98,122.26
2017-02-01,122.42,3233572,121.9,122.5,121.7
2017-01-31,122.57,3733219,123.02,123.34,122.095
2017-01-30,123.02,3777782,122.81,123.21,122.3
2017-01-27,122.86,3592676,122.27,122.99,121.48
2017-01-26,121.88,2497464,121.86,122.38,121.76
2017-01-25,121.79,3968250,121.49,121.92,120.95
2017-01-24,121.05,3492030,121.97,122.06,120.52
2017-01-23,121.38,7022479,121.69,122.08,119.82
2017-01-20,122.26,4877632,122.26,122.95,122.015
2017-01-19,122.18,3155067,122.24,123.0,122.04
2017-01-18,122.71,3390837,122.81,123.0,121.8
2017-01-17,122.75,4073581,120.75,122.8,120.7
2017-01-13,121.5,2877498,122.24,122.24,121.1
2017-01-12,122.1,3480798,120.3,122.31,120.2
2017-01-11,120.88,3564135,120.93,121.5,120.62
2017-01-10,120.25,3108187,120.46,120.85,119.73
2017-01-09,120.43,3021789,120.76,121.06,120.33
2017-01-06,120.76,4089121,118.93,121.5,118.52
2017-01-05,119.7,3727615,119.34,120.2,119.1
2017-01-04,119.48,3780757,119.0,119.74,118.18
2017-01-03,119.62,5117987,121.86,122.0,118.96
2016-12-30,121.72,3573900,122.79,123.16,121.44
2016-12-29,122.79,1943434,122.76,123.36,122.76
2016-12-28,122.68,1947720,122.93,123.35,122.61
2016-12-27,123.07,1919627,123.3,123.65,122.97
2016-12-23,123.14,2164291,123.37,123.83,123.07
2016-12-22,123.72,3037108,123.12,123.995,123.09
2016-12-21,123.18,2762783,123.15,123.76,123.1
2016-12-20,123.33,2768820,123.18,123.9,122.71
2016-12-19,122.99,3545480,123.23,123.66,122.77
2016-12-16,123.24,10793790,122.89,123.84,122.54
2016-12-15,122.36,4402189,122.97,123.36,121.77
2016-12-14,122.84,4967405,122.87,123.4,122.39
2016-12-13,122.68,4244094,121.78,122.92,121.76
2016-12-12,121.74,4172007,121.57,122.25,121.26
2016-12-09,121.26,2623206,120.57,121.27,120.21
2016-12-08,120.45,3255585,120.05,121.15,119.5
2016-12-07,119.92,4059855,119.41,120.13,118.465
2016-12-06,119.25,3367980,119.29,119.65,118.6
2016-12-05,119.29,5191314,119.45,120.34,119.03
2016-12-02,118.24,3348723,118.0,118.5,117.71
2016-12-01,118.47,4444871,118.96,118.96,117.87
2016-11-30,119.27,5695596,120.22,120.49,119.27
2016-11-29,120.68,6157235,120.38,120.79,119.02
2016-11-28,121.82,5919997,120.38,121.87,120.23
2016-11-25,120.66,1709105,120.08,120.99,119.92
2016-11-23,120.14,2869494,119.73,120.76,119.73
2016-11-22,119.69,3694735,119.5,120.29,118.88
2016-11-21,119.5,3603192,119.8,120.5,118.96
2016-11-18,120.0,3650547,119.26,120.24,118.907
2016-11-17,119.45,2835537,118.89,119.5,118.28
2016-11-16,119.21,5370460,118.86,119.6,118.465
2016-11-15,118.32,4443611,117.58,118.48,117.02
2016-11-14,117.86,7090380,114.99,118.75,114.72
2016-11-11,114.22,4331098,114.67,114.96,114.17
2016-11-10,114.51,4437689,115.03,115.04,113.7834
2016-11-09,114.98,5099197,112.09,115.42,111.8
2016-11-08,114.11,3299307,113.01,114.25,113.0
2016-11-07,112.82,3842328,112.0,113.28,111.88
2016-11-04,111.04,3457103,111.99,112.0,110.83
2016-11-03,111.72,3886409,112.74,112.85,111.52
2016-11-02,112.39,3508668,112.1,112.77,111.82
2016-11-01,112.25,3932484,112.65,112.7699,111.95
2016-10-31,112.57,4177750,112.46,112.73,111.79
2016-10-28,112.1,3304384,112.26,112.35,111.53
2016-10-27,112.08,2959347,112.17,112.49,111.78
2016-10-26,112.11,3763113,112.27,112.7,111.4
2016-10-25,112.72,4878630,113.5,113.54,112.67
2016-10-24,113.57,6173441,114.25,114.5,112.64
2016-10-21,113.93,10107630,113.27,114.5,112.75
2016-10-20,110.57,7223062,111.3,111.3,110.33
2016-10-19,111.26,6430108,111.71,111.77,111.12
2016-10-18,111.25,6195339,112.89,113.09,111.23
2016-10-17,112.41,5653985,113.91,114.395,112.1
2016-10-14,114.09,5307311,114.9,115.11,114.07
2016-10-13,115.41,4464728,114.14,115.74,114.07
2016-10-12,114.71,3339986,113.6,115.23,113.54
2016-10-11,113.68,3939325,114.65,115.23,113.56
2016-10-10,114.71,3290050,114.21,114.99,114.16
2016-10-07,113.45,4149812,113.97,114.34,113.22
2016-10-06,113.92,3899605,113.25,114.22,112.4
2016-10-05,113.41,3716383,113.91,114.83,113.38
2016-10-04,113.5,4741281,114.99,115.51,113.42
2016-10-03,114.64,3085750,115.01,115.15,114.41
2016-09-30,115.36,4188182,114.69,115.71,114.69
2016-09-29,114.79,4922865,115.2,115.97,114.73
2016-09-28,115.18,5638752,116.38,116.53,114.46
2016-09-27,116.88,3741777,116.95,117.2,116.37
2016-09-26,116.53,3022152,116.8,116.94,116.28
2016-09-23,117.17,2771712,116.49,117.52,116.35
2016-09-22,117.36,3803781,117.46,117.95,117.282
2016-09-21,116.93,4528826,116.49,117.05,115.96
2016-09-20,116.45,3835396,115.72,116.63,115.5
2016-09-19,115.21,3741507,115.83,116.41,114.9573
2016-09-16,115.28,9498752,115.68,116.26,114.83
2016-09-15,116.14,3674432,114.88,116.24,114.77
2016-09-14,115.18,4526701,115.0,115.66,114.82
2016-09-13,114.73,4162058,115.61,115.61,114.48
2016-09-12,115.95,5013412,114.47,116.18,114.13
2016-09-09,114.58,4959807,115.6,115.76,114.58
2016-09-08,116.17,3085665,116.82,117.11,116.04
2016-09-07,116.92,2644717,117.27,117.49,116.44
2016-09-06,117.25,6324907,117.09,119.24,116.91
2016-09-02,115.83,3397204,115.93,116.11,115.695
2016-09-01,115.4,3962730,115.51,115.8147,114.86
2016-08-31,115.66,5394663,115.51,116.0,115.2
2016-08-30,115.36,5076606,115.41,115.87,114.6
2016-08-29,115.41,4982882,114.6,115.65,114.5
2016-08-26,114.44,5294429,115.63,115.72,113.96
2016-08-25,115.43,6693561,115.1,115.78,114.88
2016-08-24,114.87,4135440,115.15,115.4,114.73
2016-08-23,115.19,4304107,115.91,116.12,115.05
2016-08-22,115.42,4484694,115.0,115.73,114.65
2016-08-19,115.01,6882768,116.8,116.8,115.0
2016-08-18,117.13,3710528,117.24,117.365,116.8
2016-08-17,117.1,5180711,117.98,117.98,116.52
2016-08-16,117.94,3333592,118.31,118.53,117.92
2016-08-15,118.52,3388441,119.02,119.25,118.52
2016-08-12,119.52,3015481,119.57,120.02,119.28
2016-08-11,119.38,3489102,118.87,119.75,118.85
2016-08-10,118.8,2934277,118.0,118.94,117.65
2016-08-09,118.31,3488305,117.98,119.13,117.6
2016-08-08,118.29,3588920,119.17,119.37,118.195
2016-08-05,119.21,3882771,118.78,119.45,118.6
2016-08-04,118.3,4313106,117.85,118.55,117.58
2016-08-03,117.52,4120010,117.77,118.02,117.14
2016-08-02,117.7,4503355,118.18,118.71,117.11
2016-08-01,118.01,4208637,117.88,118.39,117.74
2016-07-29,117.65,7460473,119.14,119.66,117.43
2016-07-28,119.42,6233232,119.59,120.18,118.36
2016-07-27,119.48,9938540,121.69,121.79,119.24
2016-07-26,121.71,14561740,123.5,124.35,120.9701
2016-07-25,127.4,6199188,127.95,127.95,126.86
2016-07-22,128.26,4303719,127.29,128.6,127.29
2016-07-21,127.18,3596408,126.42,127.23,125.93
2016-07-20,126.06,3353218,126.84,126.87,125.56
2016-07-19,126.5,6274412,124.08,126.6,123.75
2016-07-18,123.8,5254725,124.0,124.0,123.39
2016-07-15,123.61,3688129,124.42,124.44,123.39
2016-07-14,123.93,6011508,123.7,124.21,123.01
2016-07-13,122.82,3464077,122.36,123.015,122.16
2016-07-12,122.25,3741880,122.0,122.59,121.96
2016-07-11,122.0,4265947,121.69,122.12,121.46
2016-07-08,121.31,3809535,121.22,121.69,121.08
2016-07-07,120.92,3618132,120.89,121.24,120.41
2016-07-06,120.63,5102400,119.29,120.96,119.0
2016-07-05,120.76,5191101,120.12,120.8,120.1
2016-07-01,120.4,3794124,119.72,120.86,119.66
2016-06-30,120.34,4807868,119.68,120.45,119.3
2016-06-29,119.49,5019915,119.16,119.96,119.0
2016-06-28,118.5,6169712,117.2,118.64,116.83
2016-06-27,116.3,14158990,118.16,118.16,116.08
2016-06-24,119.44,6985268,118.76,121.11,118.2901
2016-06-23,121.21,3832184,121.48,121.75,120.64
2016-06-22,120.62,6577518,121.31,121.45,120.05
2016-06-21,122.63,4749655,123.92,124.0,122.31
2016-06-20,123.42,5950959,123.32,124.08,123.2742
2016-06-17,122.27,8331357,122.23,122.71,121.42
2016-06-16,122.47,3931956,121.84,122.63,120.95
2016-06-15,122.25,4168099,123.15,123.32,122.13
2016-06-14,122.51,6351011,122.54,123.19,121.93
2016-06-13,122.99,5433298,121.95,123.965,121.85
2016-06-10,122.36,4347383,121.8,122.66,121.61
2016-06-09,122.79,4583522,122.07,123.09,122.07
2016-06-08,122.11,3921955,121.98,122.49,120.8854
2016-06-07,121.9,4561635,122.34,123.38,121.9
2016-06-06,122.0,4901794,121.79,122.17,121.205
2016-06-03,121.35,4642836,121.09,121.67,120.34
2016-06-02,121.17,4739072,120.7,121.51,120.55
2016-06-01,121.97,5053972,121.6,122.735,121.5
2016-05-31,122.06,7994778,123.3,123.41,121.62
2016-05-27,123.25,3221521,124.27,124.68,123.115
2016-05-26,123.79,3715791,123.38,123.98,123.23
2016-05-25,123.26,5307399,123.75,123.99,123.0315
2016-05-24,123.95,4494135,123.39,124.77,123.01
2016-05-23,122.81,7080844,122.76,123.73,122.47
2016-05-20,122.56,9735582,124.74,125.0,122.14
2016-05-19,125.29,6254738,125.48,125.6,124.68
2016-05-18,126.21,7299895,127.05,127.47,125.73
2016-05-17,127.69,5820770,129.6,129.97,127.3
2016-05-16,129.64,4343397,128.51,129.73,128.05
2016-05-13,128.83,6568370,129.74,130.16,128.71
2016-05-12,130.12,4287016,129.74,130.54,129.16
2016-05-11,129.14,6883506,131.24,131.62,129.14
2016-05-10,131.6,4082035,130.85,131.96,130.85
2016-05-09,130.83,5004352,130.65,131.5,130.35
2016-05-06,130.58,4417499,129.38,130.58,128.59
2016-05-05,129.28,4519768,129.31,129.9799,129.0
2016-05-04,129.33,6613628,127.57,130.4299,127.57
2016-05-03,128.4,4048444,127.4,128.99,127.38
2016-05-02,128.2,4830848,126.65,128.22,126.5
2016-04-29,126.49,6275525,127.93,127.93,126.1
2016-04-28,127.92,3385547,127.86,128.85,127.44
2016-04-27,128.3,4435837,127.94,128.5599,127.78
2016-04-26,127.71,4081841,127.42,128.34,127.03
2016-04-25,127.46,6976015,125.07,127.53,125.01
2016-04-22,125.5,9302616,128.17,128.4,125.36
2016-04-21,125.79,7932011,128.55,128.75,125.6
2016-04-20,128.55,5002499,129.31,129.8,128.51
2016-04-19,128.86,4605637,128.91,129.35,128.12
2016-04-18,128.85,4524253,127.95,128.91,127.68
2016-04-15,127.78,3103575,127.08,128.04,126.96
2016-04-14,127.51,4831627,127.14,128.09,127.04
2016-04-13,126.89,4978446,127.71,127.915,126.08
2016-04-12,127.61,5205501,128.08,128.28,126.89
2016-04-11,127.56,6973315,128.35,128.69,127.45
2016-04-08,127.96,3625462,128.28,128.74,127.28
2016-04-07,128.14,4720711,127.37,128.5162,127.02
2016-04-06,127.52,5619790,127.47,127.69,126.84
2016-04-05,127.38,6281914,126.84,127.78,126.39
2016-04-04,127.57,4239275,127.05,127.868,126.88
2016-04-01,127.02,5212355,125.19,127.39,124.87
2016-03-31,125.68,7685634,126.15,126.96,125.61
2016-03-30,125.83,4845143,124.9,126.1,124.6
2016-03-29,123.97,7187636,123.43,124.57,123.34
2016-03-28,123.17,4775803,124.0,124.2,123.12
2016-03-24,123.29,5796996,123.69,124.0,122.66
2016-03-23,124.19,4139935,124.1,125.0,123.86
2016-03-22,123.82,3494453,123.79,124.39,123.56
2016-03-21,123.81,4043815,123.66,124.5,123.05
2016-03-18,124.08,14762910,123.43,124.12,122.75
2016-03-17,123.16,6096409,123.27,123.85,123.11
2016-03-16,123.52,6711170,123.33,124.06,122.67
2016-03-15,123.43,5057257,122.3,123.76,122.21
2016-03-14,122.9,7910816,121.81,123.4899,121.45
2016-03-11,121.55,7039338,120.49,122.0074,120.36
2016-03-10,119.98,6171481,119.91,120.86,118.66
2016-03-09,119.64,6424259,119.24,120.2,118.46
2016-03-08,118.42,6236181,116.21,119.08,116.21
2016-03-07,117.15,5637465,117.03,117.57,116.12
2016-03-04,117.18,5857404,116.72,117.45,115.9
2016-03-03,116.69,9128851,117.48,117.48,115.3248
2016-03-02,118.48,4264480,118.56,118.73,117.66
2016-03-01,118.85,4731439,117.91,119.19,117.77
2016-02-29,117.19,6459312,116.8,118.365,116.71
2016-02-26,117.06,5190382,117.98,118.27,116.17
2016-02-25,118.37,6033109,117.43,118.5,117.16
2016-02-24,117.06,5347103,116.32,117.33,115.8
2016-02-23,116.9,5276431,117.35,118.15,116.85
2016-02-22,117.67,6222820,117.33,118.16,116.87
2016-02-19,116.53,10793640,117.0,117.35,115.81
2016-02-18,117.17,9705961,118.81,119.46,116.93
2016-02-17,118.64,12726140,119.18,119.4,116.72
2016-02-16,119.18,10545050,118.42,119.18,117.6
2016-02-12,117.93,8551912,116.72,118.33,116.1
2016-02-11,116.73,7568575,115.74,117.5,115.69
2016-02-10,117.54,5717244,118.02,118.53,117.26
2016-02-09,117.01,7520459,115.54,117.8,115.35
2016-02-08,116.05,11308440,114.05,116.36,112.71
2016-02-05,115.4,13255950,120.65,120.65,114.96
2016-02-04,120.66,7594819,121.04,121.24,118.72
2016-02-03,121.47,9320658,124.36,124.58,120.84
2016-02-02,123.95,7652436,124.05,124.34,123.1
2016-02-01,124.61,6187418,123.08,124.83,123.02
2016-01-29,123.78,10548700,122.77,124.35,122.75
2016-01-28,122.38,7459330,121.1,122.6,120.2
2016-01-27,120.87,7403161,120.88,121.62,119.83
2016-01-26,120.43,8276350,119.6,121.3,119.0
2016-01-25,119.2,15137910,121.85,121.9,118.2
2016-01-22,118.4,9007047,118.44,118.75,117.37
2016-01-21,117.84,9837930,116.51,118.44,115.79
2016-01-20,115.78,11905190,116.97,118.0,114.38
2016-01-19,117.5,9174968,116.63,117.71,115.96
2016-01-15,115.18,10181670,114.26,116.45,114.21
2016-01-14,116.62,9201299,115.59,117.13,113.0
2016-01-13,115.12,6983041,117.69,117.87,115.08
2016-01-12,117.44,5639655,117.03,117.74,116.17
2016-01-11,116.69,6392760,115.65,117.06,115.58
2016-01-08,115.48,6100126,115.75,117.47,115.26
2016-01-07,115.66,7471167,117.44,117.97,115.59
2016-01-06,118.4,6543736,118.0,119.27,117.81
2016-01-05,119.2,6310737,117.41,119.23,117.29
2016-01-04,117.58,9709832,117.25,117.73,115.87
2015-12-31,118.14,3723178,118.82,119.175,117.94
2015-12-30,119.43,2400202,119.64,119.99,119.225
2015-12-29,120.07,3211580,119.0,120.23,118.8201
2015-12-28,118.75,2777157,118.1,118.9,118.05
2015-12-24,118.57,1659340,118.75,118.99,118.5
2015-12-23,118.8,3638343,118.02,118.85,117.75
2015-12-22,117.72,4091659,117.96,118.04,116.64
2015-12-21,117.69,3344294,116.96,117.74,116.61
2015-12-18,116.66,11176960,116.74,117.28,115.89
2015-12-17,117.5,5275921,118.34,118.9,117.49
2015-12-16,117.84,6286931,117.49,118.75,116.49
2015-12-15,116.93,6118270,117.5,118.24,116.84
2015-12-14,116.26,7653386,116.17,117.07,114.65
2015-12-11,116.08,5735450,115.86,116.61,115.62
2015-12-10,117.2,5297685,116.61,117.51,116.2
2015-12-09,116.58,7601808,116.21,117.3,115.9
2015-12-08,116.53,4814202,115.95,116.86,115.26
2015-12-07,116.42,4810412,115.81,116.51,115.75
2015-12-04,116.2,7776231,113.75,116.39,113.42
2015-12-03,113.39,6558143,113.61,114.44,112.91
2015-12-02,113.72,5687031,114.1,114.27,113.45
2015-12-01,114.45,5317686,114.52,114.93,113.79
2015-11-30,114.16,7702555,114.38,114.49,113.56
2015-11-27,114.23,2763685,113.71,114.39,113.53
2015-11-25,114.4,7476723,114.27,114.92,113.95
2015-11-24,114.28,6043623,113.9,114.56,113.36
2015-11-23,114.47,4964925,114.01,114.9,113.91
2015-11-20,113.91,6659187,113.36,114.17,113.19
2015-11-19,113.3,5323499,112.53,113.71,112.3
2015-11-18,112.53,5183009,111.3,112.59,110.84
2015-11-17,110.94,6027573,111.04,111.82,110.46
2015-11-16,111.06,6731754,109.85,111.06,109.6
2015-11-13,109.97,8591456,111.85,112.36,109.91
2015-11-12,112.11,5802702,113.5,113.74,112.06
2015-11-11,113.85,8395331,113.67,114.43,113.54
2015-11-10,113.22,12715970,112.77,114.99,110.75
2015-11-09,112.93,8423504,113.45,113.48,112.4
2015-11-06,113.31,4610899,112.4,113.44,112.1592
2015-11-05,112.85,5074913,112.6,113.45,112.15
2015-11-04,112.4,6797063,112.19,112.53,111.31
2015-11-03,112.08,4584931,111.92,112.31,111.27
2015-11-02,112.11,5651470,112.46,112.84,111.23
2015-10-30,112.25,6408469,112.88,113.29,112.25
2015-10-29,112.62,3752589,112.66,112.95,111.89
2015-10-28,112.94,4385186,111.69,112.95,111.4
2015-10-27,111.64,10013140,112.27,112.35,110.59
2015-10-26,112.18,11320830,112.23,113.959,111.82
2015-10-23,112.59,11675760,111.18,112.87,111.1
2015-10-22,110.87,25232850,110.4,111.0,108.38
2015-10-21,102.54,8307986,103.98,104.2501,102.08
2015-10-20,103.84,4871582,104.05,104.35,103.42
2015-10-19,104.49,7063435,104.24,105.15,104.15
2015-10-16,104.82,6755207,104.72,105.01,103.41
2015-10-15,103.66,10115440,102.57,105.2,101.6
2015-10-14,102.82,9089560,104.15,104.93,102.43
2015-10-13,103.38,4692259,102.85,103.51,102.63
2015-10-12,103.24,3385160,102.68,103.3101,102.51
2015-10-09,102.76,5750473,103.0,103.44,102.27
2015-10-08,102.95,8182763,101.85,103.47,101.77
2015-10-07,101.77,6521634,100.75,101.9,100.34
2015-10-06,101.9,7223290,101.26,102.3,101.16
2015-10-05,101.17,6496977,100.27,101.64,100.2
2015-10-02,99.79,4400508,97.33,99.81,97.13
2015-10-01,98.78,4456554,98.5,99.0,97.67
2015-09-30,98.53,5513878,98.21,98.7,97.76
2015-09-29,97.48,6942248,97.46,97.79,96.805
2015-09-28,95.96,6609401,97.0,97.74,95.78
2015-09-25,97.59,4825681,97.89,98.7,97.46
2015-09-24,97.29,4133831,96.83,97.43,96.2975
2015-09-23,97.38,3032060,97.24,97.85,97.01
2015-09-22,97.2,6254285,97.12,98.08,96.71
2015-09-21,97.9,4537773,97.48,98.17,97.01
2015-09-18,97.05,9717028,96.82,97.7,96.25
2015-09-17,97.84,7907998,98.57,98.97,97.39
2015-09-16,98.69,5194839,98.65,98.74,97.53
2015-09-15,98.19,5135670,97.29,98.59,96.74
2015-09-14,96.97,4557201,97.36,97.657,96.63
2015-09-11,97.41,6488928,95.47,97.42,95.26
2015-09-10,95.25,6199857,94.96,95.85,94.75
2015-09-09,95.43,5099813,97.29,97.39,95.22
2015-09-08,96.78,5748869,96.31,96.88,95.49
2015-09-04,94.85,4416179,95.05,95.58,94.31
2015-09-03,96.01,6304847,96.8,97.43,95.58
2015-09-02,96.04,6886670,95.63,96.12,94.55
2015-09-01,93.47,7292239,92.77,94.28,92.6
2015-08-31,95.02,5070083,95.77,95.88,94.85
2015-08-28,96.25,5600442,96.05,96.6599,95.785
2015-08-27,97.33,10008610,95.88,97.37,95.57
2015-08-26,95.15,16417980,92.93,95.2,91.47
2015-08-25,91.21,11266990,95.47,95.48,91.03
2015-08-24,92.87,15070490,91.58,95.879,87.5
2015-08-21,97.13,10849490,99.38,99.39,97.13
2015-08-20,99.76,6659122,100.73,101.0,99.74
2015-08-19,101.1,5987366,100.45,101.88,100.19
2015-08-18,100.76,4252765,100.0,101.44,100.0
2015-08-17,100.66,5188082,99.0,100.91,98.92
2015-08-14,99.27,3185227,99.05,99.56,98.72
2015-08-13,99.37,4622123,98.07,99.82,97.99
2015-08-12,98.28,4196575,98.27,98.43,97.23
2015-08-11,98.81,3567266,98.69,99.164,98.4
2015-08-10,99.39,3979813,99.49,99.9499,98.87
2015-08-07,98.92,3463622,99.29,99.42,98.45
2015-08-06,99.35,6724214,99.72,100.18,99.21
2015-08-05,99.8,3523478,99.83,100.14,99.26
2015-08-04,99.14,2836020,99.47,99.52,98.77
2015-08-03,99.42,4415425,100.0,100.18,99.02
2015-07-31,99.86,7646730,99.65,101.1,99.3
2015-07-30,99.17,5352202,97.59,99.34,97.59
2015-07-29,98.21,5976252,97.48,98.3898,97.0
2015-07-28,97.33,4854405,96.48,97.42,96.315
2015-07-27,96.04,5797309,96.0,96.75,95.7
2015-07-24,96.1,5547650,97.41,97.41,96.09
2015-07-23,97.09,10370560,98.9,99.0,96.151
2015-07-22,97.58,5357812,97.71,98.25,97.43
2015-07-21,97.32,4180872,97.6,97.72,96.96
2015-07-20,97.49,4946396,97.78,98.21,97.4
2015-07-17,97.5,6232108,97.7,98.22,97.0
2015-07-16,97.86,7690419,99.11,99.11,97.21
2015-07-15,99.07,7569296,98.15,99.63,97.85
2015-07-14,98.78,5746015,98.12,99.05,97.96
2015-07-13,98.43,4532885,98.0,98.505,97.7
2015-07-10,97.65,5179204,97.25,97.78,96.95
2015-07-09,96.49,5482465,96.64,97.27,96.44
2015-07-08,95.84,4914177,95.65,96.59,95.65
2015-07-07,96.68,4794388,95.93,96.775,95.24
2015-07-06,95.65,3850964,95.89,96.28,95.25
2015-07-02,96.17,3244763,96.13,96.6,95.58
2015-07-01,95.76,4445837,95.1,95.82,94.73
2015-06-30,95.07,6650726,95.93,96.3,94.54
2015-06-29,95.44,8397106,96.62,97.23,95.42
2015-06-26,97.29,6022011,96.13,97.35,95.93
2015-06-25,95.79,4267297,96.7,96.905,95.78
2015-06-24,96.64,3927133,96.75,97.45,96.64
2015-06-23,97.18,4541658,97.59,97.96,97.12
2015-06-22,96.87,3886400,96.31,97.03,96.14
2015-06-19,96.08,7306758,96.39,97.14,95.98
2015-06-18,96.17,5100999,95.69,96.63,95.28
2015-06-17,95.22,3940986,94.54,95.52,94.54
2015-06-16,94.63,3090040,94.25,94.67,94.1
2015-06-15,94.3,5858567,94.74,95.0,94.0198
2015-06-12,95.06,3697105,95.42,95.545,95.0
2015-06-11,95.59,4189453,95.5,96.33,95.5
2015-06-10,95.3,4828577,95.02,95.63,94.81
2015-06-09,94.73,7765480,95.52,95.5592,94.49
2015-06-08,95.32,4594148,96.0,96.04,95.25
2015-06-05,95.54,3949003,95.93,96.09,95.47
2015-06-04,96.31,4702848,96.3,96.97,96.01
2015-06-03,96.52,4165709,96.38,97.07,95.97
2015-06-02,96.29,4429895,96.3,96.97,95.81
2015-06-01,96.22,4915004,95.84,96.91,95.84
2015-05-29,95.93,6404698,97.59,97.77,95.84
2015-05-28,96.48,10199320,98.0,98.21,96.2
2015-05-27,98.66,8129331,98.97,99.22,98.2
2015-05-26,98.46,7110394,98.85,99.2,98.04
2015-05-22,98.99,4555945,99.15,99.48,98.84
2015-05-21,99.28,4729942,99.89,99.96,99.06
2015-05-20,100.11,6184060,100.88,100.98,99.42
2015-05-19,100.68,10807220,98.09,101.08,97.65
2015-05-18,98.02,4100835,97.97,98.25,97.62
2015-05-15,98.04,6870064,97.74,99.04,97.54
2015-05-14,97.71,4743954,97.66,97.87,97.28
2015-05-13,97.35,6526873,98.07,98.49,97.28
2015-05-12,97.95,4847951,97.39,98.35,96.92
2015-05-11,97.51,4123670,98.07,98.39,97.15
2015-05-08,98.23,7540171,98.19,99.15,97.79
2015-05-07,96.78,5019182,96.27,97.33,96.12
2015-05-06,96.39,6608996,96.1,96.66,95.875
2015-05-05,96.13,7637026,96.39,96.47,95.57
2015-05-04,96.13,8412302,96.57,98.63,96.05
2015-05-01,97.8,6170724,96.73,97.97,96.73
2015-04-30,96.55,8287200,96.65,97.37,96.41
2015-04-29,97.02,5678030,96.58,97.67,96.07
2015-04-28,96.83,4296794,96.27,96.89,95.78
2015-04-27,96.44,7202951,98.74,98.94,96.26
2015-04-24,98.74,7707372,96.99,99.08,96.84
2015-04-23,97.0,6317507,97.44,97.52,96.555
2015-04-22,97.84,19250180,97.0,99.35,96.24
2015-04-21,94.87,5968051,96.19,96.55,94.5401
2015-04-20,96.18,4381282,95.0,96.26,95.0
2015-04-17,94.88,6679760,95.13,95.345,94.46
2015-04-16,95.63,5071647,96.37,97.44,95.505
2015-04-15,96.44,6591181,97.0,97.55,96.275
2015-04-14,97.58,4961148,97.16,97.74,96.97
2015-04-13,97.44,5197686,97.41,97.75,97.07
2015-04-10,97.8,5926806,96.9,97.95,96.56
2015-04-09,96.55,4776933,96.85,97.43,96.21
2015-04-08,96.85,4440492,96.73,97.5,95.98
2015-04-07,96.35,4414254,96.24,96.79,96.095
2015-04-06,96.28,4500902,95.75,96.82,95.45
2015-04-02,95.83,6613751,95.96,96.24,94.71
2015-04-01,96.29,7480911,96.81,97.02,96.0
2015-03-31,97.44,5616991,97.82,98.43,97.44
2015-03-30,97.88,4072040,97.43,98.32,97.37
2015-03-27,96.96,4641839,97.36,97.8499,96.77
2015-03-26,97.64,10445790,97.6,97.97,96.195
2015-03-25,98.14,6030491,99.03,99.61,98.11
2015-03-24,99.36,7533137,98.46,99.84,98.07
2015-03-23,98.62,9227809,96.8,99.12,96.8
2015-03-20,97.05,9958693,96.32,97.72,96.12
2015-03-19,95.98,3600548,96.86,97.01,95.98
2015-03-18,97.0,5801202,96.01,97.24,95.33
2015-03-17,96.17,4530559,96.9,97.15,95.99
2015-03-16,97.15,4772189,96.93,97.47,96.74
